   1   -0.490000E+01    0.125893E-04    0.224927E-12    0.000000E+00   -0.313516E+03    0.212399E-03    0.843538E+01    0.646797-317    0.318599E-03    0.524440+160
   2   -0.488597E+01    0.130025E-04    0.243844E-12    0.000000E+00   -0.313516E+03    0.215857E-03    0.830022E+01    0.657328-317    0.323786E-03    0.520223+160
   3   -0.487194E+01    0.134294E-04    0.264351E-12    0.000000E+00   -0.313516E+03    0.219372E-03    0.816722E+01    0.668029-317    0.329058E-03    0.516039+160
   4   -0.485792E+01    0.138702E-04    0.286583E-12    0.000000E+00   -0.313516E+03    0.222943E-03    0.803635E+01    0.678905-317    0.334415E-03    0.511889+160
   5   -0.484389E+01    0.143256E-04    0.310685E-12    0.000000E+00   -0.313516E+03    0.226573E-03    0.790758E+01    0.689958-317    0.339859E-03    0.507772+160
   6   -0.482986E+01    0.147959E-04    0.336814E-12    0.000000E+00   -0.313516E+03    0.230262E-03    0.778087E+01    0.701191-317    0.345392E-03    0.503689+160
   7   -0.481583E+01    0.152816E-04    0.365140E-12    0.000000E+00   -0.313516E+03    0.234010E-03    0.765619E+01    0.712607-317    0.351015E-03    0.499638+160
   8   -0.480180E+01    0.157832E-04    0.395848E-12    0.000000E+00   -0.313516E+03    0.237820E-03    0.753351E+01    0.724208-317    0.356730E-03    0.495620+160
   9   -0.478778E+01    0.163014E-04    0.429139E-12    0.000000E+00   -0.313516E+03    0.241692E-03    0.741279E+01    0.735999-317    0.362538E-03    0.491634+160
  10   -0.477375E+01    0.168365E-04    0.465230E-12    0.000000E+00   -0.313516E+03    0.245627E-03    0.729401E+01    0.747981-317    0.368440E-03    0.487680+160
  11   -0.475972E+01    0.173892E-04    0.504356E-12    0.000000E+00   -0.313516E+03    0.249626E-03    0.717713E+01    0.760159-317    0.374438E-03    0.483758+160
  12   -0.474569E+01    0.179601E-04    0.546773E-12    0.000000E+00   -0.313516E+03    0.253690E-03    0.706212E+01    0.772534-317    0.380534E-03    0.479868+160
  13   -0.473166E+01    0.185497E-04    0.592756E-12    0.000000E+00   -0.313516E+03    0.257820E-03    0.694895E+01    0.785111-317    0.386730E-03    0.476008+160
  14   -0.471764E+01    0.191586E-04    0.642607E-12    0.000000E+00   -0.313516E+03    0.262017E-03    0.683760E+01    0.797893-317    0.393026E-03    0.472180+160
  15   -0.470361E+01    0.197876E-04    0.696650E-12    0.000000E+00   -0.313516E+03    0.266283E-03    0.672803E+01    0.810882-317    0.399424E-03    0.468383+160
  16   -0.468958E+01    0.204372E-04    0.755238E-12    0.000000E+00   -0.313516E+03    0.270618E-03    0.662021E+01    0.824084-317    0.405927E-03    0.464616+160
  17   -0.467555E+01    0.211081E-04    0.818751E-12    0.000000E+00   -0.313516E+03    0.275023E-03    0.651412E+01    0.837500-317    0.412535E-03    0.460880+160
  18   -0.466152E+01    0.218010E-04    0.887608E-12    0.000000E+00   -0.313516E+03    0.279501E-03    0.640973E+01    0.851134-317    0.419251E-03    0.457174+160
  19   -0.464750E+01    0.225167E-04    0.962255E-12    0.000000E+00   -0.313516E+03    0.284051E-03    0.630702E+01    0.864990-317    0.426077E-03    0.453497+160
  20   -0.463347E+01    0.232559E-04    0.104318E-11    0.000000E+00   -0.313516E+03    0.288675E-03    0.620594E+01    0.879072-317    0.433013E-03    0.449850+160
  21   -0.461944E+01    0.240193E-04    0.113091E-11    0.000000E+00   -0.313516E+03    0.293375E-03    0.610649E+01    0.893383-317    0.440062E-03    0.446233+160
  22   -0.460541E+01    0.248078E-04    0.122602E-11    0.000000E+00   -0.313516E+03    0.298151E-03    0.600863E+01    0.907928-317    0.447227E-03    0.442644+160
  23   -0.459138E+01    0.256222E-04    0.132913E-11    0.000000E+00   -0.313516E+03    0.303005E-03    0.591233E+01    0.922708-317    0.454507E-03    0.439084+160
  24   -0.457735E+01    0.264634E-04    0.144091E-11    0.000000E+00   -0.313516E+03    0.307938E-03    0.581758E+01    0.937730-317    0.461906E-03    0.435553+160
  25   -0.456333E+01    0.273321E-04    0.156209E-11    0.000000E+00   -0.313516E+03    0.312951E-03    0.572435E+01    0.952996-317    0.469426E-03    0.432051+160
  26   -0.454930E+01    0.282294E-04    0.169346E-11    0.000000E+00   -0.313516E+03    0.318045E-03    0.563261E+01    0.968510-317    0.477068E-03    0.428576+160
  27   -0.453527E+01    0.291561E-04    0.183587E-11    0.000000E+00   -0.313516E+03    0.323223E-03    0.554234E+01    0.984277-317    0.484835E-03    0.425130+160
  28   -0.452124E+01    0.301132E-04    0.199027E-11    0.000000E+00   -0.313516E+03    0.328485E-03    0.545351E+01    0.100030-316    0.492727E-03    0.421711+160
  29   -0.450721E+01    0.311018E-04    0.215765E-11    0.000000E+00   -0.313516E+03    0.333832E-03    0.536611E+01    0.101658-316    0.500749E-03    0.418320+160
  30   -0.449319E+01    0.321228E-04    0.233910E-11    0.000000E+00   -0.313516E+03    0.339267E-03    0.528010E+01    0.103313-316    0.508901E-03    0.414956+160
  31   -0.447916E+01    0.331773E-04    0.253582E-11    0.000000E+00   -0.313516E+03    0.344790E-03    0.519547E+01    0.104995-316    0.517185E-03    0.411619+160
  32   -0.446513E+01    0.342665E-04    0.274907E-11    0.000000E+00   -0.313516E+03    0.350403E-03    0.511220E+01    0.106704-316    0.525604E-03    0.408309+160
  33   -0.445110E+01    0.353914E-04    0.298027E-11    0.000000E+00   -0.313516E+03    0.356107E-03    0.503027E+01    0.108442-316    0.534161E-03    0.405025+160
  34   -0.443707E+01    0.365532E-04    0.323090E-11    0.000000E+00   -0.313516E+03    0.361904E-03    0.494964E+01    0.110207-316    0.542856E-03    0.401769+160
  35   -0.442305E+01    0.377532E-04    0.350261E-11    0.000000E+00   -0.313516E+03    0.367796E-03    0.487030E+01    0.112001-316    0.551693E-03    0.398538+160
  36   -0.440902E+01    0.389926E-04    0.379717E-11    0.000000E+00   -0.313516E+03    0.373783E-03    0.479224E+01    0.113824-316    0.560674E-03    0.395333+160
  37   -0.439499E+01    0.402726E-04    0.411651E-11    0.000000E+00   -0.313516E+03    0.379868E-03    0.471543E+01    0.115677-316    0.569801E-03    0.392154+160
  38   -0.438096E+01    0.415947E-04    0.446269E-11    0.000000E+00   -0.313516E+03    0.386051E-03    0.463984E+01    0.117560-316    0.579077E-03    0.389001+160
  39   -0.436693E+01    0.429602E-04    0.483800E-11    0.000000E+00   -0.313516E+03    0.392336E-03    0.456547E+01    0.119474-316    0.588503E-03    0.385873+160
  40   -0.435291E+01    0.443705E-04    0.524486E-11    0.000000E+00   -0.313516E+03    0.398722E-03    0.449228E+01    0.121419-316    0.598083E-03    0.382770+160
  41   -0.433888E+01    0.458271E-04    0.568593E-11    0.000000E+00   -0.313516E+03    0.405213E-03    0.442027E+01    0.123395-316    0.607819E-03    0.379692+160
  42   -0.432485E+01    0.473315E-04    0.616410E-11    0.000000E+00   -0.313516E+03    0.411809E-03    0.434941E+01    0.125404-316    0.617713E-03    0.376639+160
  43   -0.431082E+01    0.488853E-04    0.668248E-11    0.000000E+00   -0.313516E+03    0.418512E-03    0.427969E+01    0.127445-316    0.627768E-03    0.373610+160
  44   -0.429679E+01    0.504901E-04    0.724444E-11    0.000000E+00   -0.313516E+03    0.425325E-03    0.421108E+01    0.129520-316    0.637987E-03    0.370606+160
  45   -0.428277E+01    0.521476E-04    0.785369E-11    0.000000E+00   -0.313516E+03    0.432248E-03    0.414357E+01    0.131628-316    0.648372E-03    0.367626+160
  46   -0.426874E+01    0.538595E-04    0.851413E-11    0.000000E+00   -0.313516E+03    0.439284E-03    0.407714E+01    0.133770-316    0.658926E-03    0.364670+160
  47   -0.425471E+01    0.556277E-04    0.923016E-11    0.000000E+00   -0.313516E+03    0.446435E-03    0.401178E+01    0.135948-316    0.669652E-03    0.361738+160
  48   -0.424068E+01    0.574537E-04    0.100063E-10    0.000000E+00   -0.313516E+03    0.453701E-03    0.394746E+01    0.138161-316    0.680552E-03    0.358829+160
  49   -0.422665E+01    0.593398E-04    0.108478E-10    0.000000E+00   -0.313516E+03    0.461086E-03    0.388417E+01    0.140410-316    0.691630E-03    0.355944+160
  50   -0.421263E+01    0.612879E-04    0.117601E-10    0.000000E+00   -0.313516E+03    0.468592E-03    0.382190E+01    0.142695-316    0.702887E-03    0.353082+160
  51   -0.419860E+01    0.632998E-04    0.127491E-10    0.000000E+00   -0.313516E+03    0.476219E-03    0.376062E+01    0.145018-316    0.714328E-03    0.350243+160
  52   -0.418457E+01    0.653779E-04    0.138212E-10    0.000000E+00   -0.313516E+03    0.483970E-03    0.370032E+01    0.147378-316    0.725955E-03    0.347427+160
  53   -0.417054E+01    0.675241E-04    0.149835E-10    0.000000E+00   -0.313516E+03    0.491848E-03    0.364099E+01    0.149777-316    0.737772E-03    0.344633+160
  54   -0.415651E+01    0.697408E-04    0.162435E-10    0.000000E+00   -0.313516E+03    0.499853E-03    0.358260E+01    0.152215-316    0.749780E-03    0.341862+160
  55   -0.414249E+01    0.720302E-04    0.176095E-10    0.000000E+00   -0.313516E+03    0.507989E-03    0.352515E+01    0.154693-316    0.761984E-03    0.339114+160
  56   -0.412846E+01    0.743949E-04    0.190903E-10    0.000000E+00   -0.313516E+03    0.516257E-03    0.346863E+01    0.157210-316    0.774386E-03    0.336387+160
  57   -0.411443E+01    0.768371E-04    0.206957E-10    0.000000E+00   -0.313516E+03    0.524660E-03    0.341300E+01    0.159769-316    0.786990E-03    0.333683+160
  58   -0.410040E+01    0.793595E-04    0.224361E-10    0.000000E+00   -0.313516E+03    0.533199E-03    0.335827E+01    0.162370-316    0.799799E-03    0.331000+160
  59   -0.408637E+01    0.819648E-04    0.243228E-10    0.000000E+00   -0.313516E+03    0.541878E-03    0.330441E+01    0.165012-316    0.812816E-03    0.328339+160
  60   -0.407234E+01    0.846555E-04    0.263682E-10    0.000000E+00   -0.313516E+03    0.550697E-03    0.325141E+01    0.167698-316    0.826046E-03    0.325699+160
  61   -0.405832E+01    0.874346E-04    0.285855E-10    0.000000E+00   -0.313516E+03    0.559660E-03    0.319926E+01    0.170427-316    0.839490E-03    0.323080+160
  62   -0.404429E+01    0.903049E-04    0.309893E-10    0.000000E+00   -0.313516E+03    0.568768E-03    0.314795E+01    0.173201-316    0.853153E-03    0.320483+160
  63   -0.403026E+01    0.932695E-04    0.335953E-10    0.000000E+00   -0.313516E+03    0.578025E-03    0.309746E+01    0.176020-316    0.867038E-03    0.317906+160
  64   -0.401623E+01    0.963313E-04    0.364204E-10    0.000000E+00   -0.313516E+03    0.587432E-03    0.304777E+01    0.178884-316    0.881148E-03    0.315351+160
  65   -0.400220E+01    0.994937E-04    0.394830E-10    0.000000E+00   -0.313516E+03    0.596992E-03    0.299888E+01    0.181796-316    0.895489E-03    0.312816+160
  66   -0.398818E+01    0.102760E-03    0.428031E-10    0.000000E+00   -0.313516E+03    0.606708E-03    0.295078E+01    0.184754-316    0.910062E-03    0.310301+160
  67   -0.397415E+01    0.106133E-03    0.464025E-10    0.000000E+00   -0.313516E+03    0.616582E-03    0.290344E+01    0.187761-316    0.924873E-03    0.307806+160
  68   -0.396012E+01    0.109617E-03    0.503045E-10    0.000000E+00   -0.313516E+03    0.626616E-03    0.285686E+01    0.190817-316    0.939924E-03    0.305332+160
  69   -0.394609E+01    0.113216E-03    0.545345E-10    0.000000E+00   -0.313516E+03    0.636813E-03    0.281102E+01    0.193922-316    0.955220E-03    0.302877+160
  70   -0.393206E+01    0.116933E-03    0.591202E-10    0.000000E+00   -0.313516E+03    0.647176E-03    0.276592E+01    0.197078-316    0.970764E-03    0.300443+160
  71   -0.391804E+01    0.120771E-03    0.640916E-10    0.000000E+00   -0.313516E+03    0.657707E-03    0.272154E+01    0.200285-316    0.986561E-03    0.298027+160
  72   -0.390401E+01    0.124736E-03    0.694809E-10    0.000000E+00   -0.313516E+03    0.668410E-03    0.267787E+01    0.203544-316    0.100262E-02    0.295632+160
  73   -0.388998E+01    0.128831E-03    0.753235E-10    0.000000E+00   -0.313516E+03    0.679287E-03    0.263490E+01    0.206856-316    0.101893E-02    0.293255+160
  74   -0.387595E+01    0.133060E-03    0.816572E-10    0.000000E+00   -0.313516E+03    0.690340E-03    0.259262E+01    0.210222-316    0.103551E-02    0.290898+160
  75   -0.386192E+01    0.137428E-03    0.885234E-10    0.000000E+00   -0.313516E+03    0.701573E-03    0.255101E+01    0.213643-316    0.105236E-02    0.288560+160
  76   -0.384790E+01    0.141940E-03    0.959671E-10    0.000000E+00   -0.313516E+03    0.712989E-03    0.251006E+01    0.217119-316    0.106948E-02    0.286241+160
  77   -0.383387E+01    0.146599E-03    0.104036E-09    0.000000E+00   -0.313516E+03    0.724590E-03    0.246978E+01    0.220652-316    0.108689E-02    0.283940+160
  78   -0.381984E+01    0.151412E-03    0.112784E-09    0.000000E+00   -0.313516E+03    0.736380E-03    0.243013E+01    0.224242-316    0.110457E-02    0.281658+160
  79   -0.380581E+01    0.156383E-03    0.122268E-09    0.000000E+00   -0.313516E+03    0.748361E-03    0.239112E+01    0.227890-316    0.112254E-02    0.279394+160
  80   -0.379178E+01    0.161516E-03    0.132549E-09    0.000000E+00   -0.313516E+03    0.760537E-03    0.235274E+01    0.231598-316    0.114081E-02    0.277148+160
  81   -0.377776E+01    0.166819E-03    0.143694E-09    0.000000E+00   -0.313516E+03    0.772911E-03    0.231496E+01    0.235366-316    0.115937E-02    0.274921+160
  82   -0.376373E+01    0.172295E-03    0.155776E-09    0.000000E+00   -0.313516E+03    0.785486E-03    0.227779E+01    0.239196-316    0.117823E-02    0.272712+160
  83   -0.374970E+01    0.177951E-03    0.168874E-09    0.000000E+00   -0.313516E+03    0.798265E-03    0.224122E+01    0.243087-316    0.119740E-02    0.270520+160
  84   -0.373567E+01    0.183793E-03    0.183073E-09    0.000000E+00   -0.313516E+03    0.811251E-03    0.220523E+01    0.247042-316    0.121688E-02    0.268346+160
  85   -0.372164E+01    0.189826E-03    0.198466E-09    0.000000E+00   -0.313516E+03    0.824449E-03    0.216981E+01    0.251061-316    0.123667E-02    0.266189+160
  86   -0.370762E+01    0.196058E-03    0.215153E-09    0.000000E+00   -0.313516E+03    0.837861E-03    0.213496E+01    0.255145-316    0.125679E-02    0.264050+160
  87   -0.369359E+01    0.202494E-03    0.233243E-09    0.000000E+00   -0.313516E+03    0.851491E-03    0.210067E+01    0.259295-316    0.127724E-02    0.261929+160
  88   -0.367956E+01    0.209142E-03    0.252854E-09    0.000000E+00   -0.313516E+03    0.865342E-03    0.206693E+01    0.263513-316    0.129801E-02    0.259824+160
  89   -0.366553E+01    0.216008E-03    0.274114E-09    0.000000E+00   -0.313516E+03    0.879417E-03    0.203372E+01    0.267800-316    0.131913E-02    0.257736+160
  90   -0.365150E+01    0.223099E-03    0.297160E-09    0.000000E+00   -0.313516E+03    0.893722E-03    0.200105E+01    0.272156-316    0.134058E-02    0.255665+160
  91   -0.363748E+01    0.230423E-03    0.322145E-09    0.000000E+00   -0.313516E+03    0.908259E-03    0.196890E+01    0.276582-316    0.136239E-02    0.253611+160
  92   -0.362345E+01    0.237987E-03    0.349229E-09    0.000000E+00   -0.313516E+03    0.923031E-03    0.193726E+01    0.281081-316    0.138455E-02    0.251573+160
  93   -0.360942E+01    0.245800E-03    0.378591E-09    0.000000E+00   -0.313516E+03    0.938044E-03    0.190612E+01    0.285652-316    0.140707E-02    0.249552+160
  94   -0.359539E+01    0.253869E-03    0.410420E-09    0.000000E+00   -0.313516E+03    0.953300E-03    0.187549E+01    0.290298-316    0.142995E-02    0.247547+160
  95   -0.358136E+01    0.262203E-03    0.444925E-09    0.000000E+00   -0.313516E+03    0.968803E-03    0.184534E+01    0.295019-316    0.145320E-02    0.245558+160
  96   -0.356733E+01    0.270810E-03    0.482331E-09    0.000000E+00   -0.313516E+03    0.984558E-03    0.181567E+01    0.299817-316    0.147684E-02    0.243586+160
  97   -0.355331E+01    0.279701E-03    0.522881E-09    0.000000E+00   -0.313516E+03    0.100057E-02    0.178648E+01    0.304693-316    0.150085E-02    0.241629+160
  98   -0.353928E+01    0.288883E-03    0.566840E-09    0.000000E+00   -0.313516E+03    0.101684E-02    0.175775E+01    0.309647-316    0.152526E-02    0.239688+160
  99   -0.352525E+01    0.298366E-03    0.614494E-09    0.000000E+00   -0.313516E+03    0.103337E-02    0.172949E+01    0.314682-316    0.155006E-02    0.237763+160
 100   -0.351122E+01    0.308161E-03    0.666152E-09    0.000000E+00   -0.313516E+03    0.105018E-02    0.170167E+01    0.319799-316    0.157526E-02    0.235853+160
 101   -0.349719E+01    0.318277E-03    0.722153E-09    0.000000E+00   -0.313516E+03    0.106725E-02    0.167430E+01    0.324999-316    0.160088E-02    0.233959+160
 102   -0.348317E+01    0.328726E-03    0.782862E-09    0.000000E+00   -0.313516E+03    0.108460E-02    0.164736E+01    0.330282-316    0.162690E-02    0.232080+160
 103   -0.346914E+01    0.339517E-03    0.848673E-09    0.000000E+00   -0.313516E+03    0.110224E-02    0.162086E+01    0.335652-316    0.165335E-02    0.230216+160
 104   -0.345511E+01    0.350663E-03    0.920015E-09    0.000000E+00   -0.313516E+03    0.112015E-02    0.159477E+01    0.341109-316    0.168023E-02    0.228367+160
 105   -0.344108E+01    0.362174E-03    0.997353E-09    0.000000E+00   -0.313516E+03    0.113836E-02    0.156910E+01    0.346654-316    0.170755E-02    0.226533+160
 106   -0.342705E+01    0.374064E-03    0.108119E-08    0.000000E+00   -0.313516E+03    0.115687E-02    0.154385E+01    0.352289-316    0.173530E-02    0.224714+160
 107   -0.341303E+01    0.386344E-03    0.117207E-08    0.000000E+00   -0.313516E+03    0.117567E-02    0.151899E+01    0.358015-316    0.176351E-02    0.222910+160
 108   -0.339900E+01    0.399027E-03    0.127060E-08    0.000000E+00   -0.313516E+03    0.119478E-02    0.149453E+01    0.363834-316    0.179217E-02    0.221120+160
 109   -0.338497E+01    0.412126E-03    0.137740E-08    0.000000E+00   -0.313516E+03    0.121420E-02    0.147046E+01    0.369747-316    0.182130E-02    0.219345+160
 110   -0.337094E+01    0.425655E-03    0.149317E-08    0.000000E+00   -0.313516E+03    0.123393E-02    0.144678E+01    0.375756-316    0.185090E-02    0.217584+160
 111   -0.335691E+01    0.439629E-03    0.161868E-08    0.000000E+00   -0.313516E+03    0.125398E-02    0.142347E+01    0.381862-316    0.188098E-02    0.215837+160
 112   -0.334289E+01    0.454061E-03    0.175473E-08    0.000000E+00   -0.313516E+03    0.127436E-02    0.140053E+01    0.388067-316    0.191154E-02    0.214105+160
 113   -0.332886E+01    0.468967E-03    0.190222E-08    0.000000E+00   -0.313516E+03    0.129507E-02    0.137796E+01    0.394373-316    0.194260E-02    0.212386+160
 114   -0.331483E+01    0.484362E-03    0.206210E-08    0.000000E+00   -0.313516E+03    0.131611E-02    0.135575E+01    0.400780-316    0.197416E-02    0.210682+160
 115   -0.330080E+01    0.500263E-03    0.223541E-08    0.000000E+00   -0.313516E+03    0.133749E-02    0.133389E+01    0.407292-316    0.200624E-02    0.208991+160
 116   -0.328677E+01    0.516686E-03    0.242329E-08    0.000000E+00   -0.313516E+03    0.135922E-02    0.131238E+01    0.413908-316    0.203883E-02    0.207314+160
 117   -0.327275E+01    0.533647E-03    0.262695E-08    0.000000E+00   -0.313516E+03    0.138130E-02    0.129121E+01    0.420632-316    0.207195E-02    0.205650+160
 118   -0.325872E+01    0.551166E-03    0.284772E-08    0.000000E+00   -0.313516E+03    0.140373E-02    0.127037E+01    0.427464-316    0.210560E-02    0.204000+160
 119   -0.324469E+01    0.569260E-03    0.308704E-08    0.000000E+00   -0.313516E+03    0.142653E-02    0.124987E+01    0.434406-316    0.213980E-02    0.202363+160
 120   -0.323066E+01    0.587948E-03    0.334646E-08    0.000000E+00   -0.313516E+03    0.144970E-02    0.122970E+01    0.441461-316    0.217455E-02    0.200740+160
 121   -0.321663E+01    0.607249E-03    0.362768E-08    0.000000E+00   -0.313516E+03    0.147324E-02    0.120985E+01    0.448630-316    0.220986E-02    0.199130+160
 122   -0.320261E+01    0.627184E-03    0.393253E-08    0.000000E+00   -0.313516E+03    0.149716E-02    0.119031E+01    0.455915-316    0.224574E-02    0.197532+160
 123   -0.318858E+01    0.647773E-03    0.426298E-08    0.000000E+00   -0.313516E+03    0.152147E-02    0.117108E+01    0.463317-316    0.228220E-02    0.195948+160
 124   -0.317455E+01    0.669038E-03    0.462119E-08    0.000000E+00   -0.313516E+03    0.154617E-02    0.115216E+01    0.470838-316    0.231925E-02    0.194377+160
 125   -0.316052E+01    0.691001E-03    0.500949E-08    0.000000E+00   -0.313516E+03    0.157127E-02    0.113354E+01    0.478482-316    0.235690E-02    0.192818+160
 126   -0.314649E+01    0.713686E-03    0.543040E-08    0.000000E+00   -0.313516E+03    0.159677E-02    0.111521E+01    0.486248-316    0.239516E-02    0.191272+160
 127   -0.313247E+01    0.737114E-03    0.588666E-08    0.000000E+00   -0.313516E+03    0.162269E-02    0.109718E+01    0.494139-316    0.243403E-02    0.189738+160
 128   -0.311844E+01    0.761313E-03    0.638125E-08    0.000000E+00   -0.313516E+03    0.164902E-02    0.107943E+01    0.502158-316    0.247353E-02    0.188217+160
 129   -0.310441E+01    0.786305E-03    0.691737E-08    0.000000E+00   -0.313516E+03    0.167578E-02    0.106196E+01    0.510307-316    0.251367E-02    0.186709+160
 130   -0.309038E+01    0.812118E-03    0.749850E-08    0.000000E+00   -0.313516E+03    0.170296E-02    0.104477E+01    0.518586-316    0.255445E-02    0.185212+160
 131   -0.307635E+01    0.838779E-03    0.812846E-08    0.000000E+00   -0.313516E+03    0.173059E-02    0.102785E+01    0.526999-316    0.259589E-02    0.183728+160
 132   -0.306232E+01    0.866314E-03    0.881129E-08    0.000000E+00   -0.313516E+03    0.175866E-02    0.101120E+01    0.535547-316    0.263799E-02    0.182256+160
 133   -0.304830E+01    0.894753E-03    0.955146E-08    0.000000E+00   -0.313516E+03    0.178719E-02    0.994819E+00    0.544232-316    0.268078E-02    0.180796+160
 134   -0.303427E+01    0.924126E-03    0.103538E-07    0.000000E+00   -0.313516E+03    0.181617E-02    0.978693E+00    0.553058-316    0.272425E-02    0.179347+160
 135   -0.302024E+01    0.954464E-03    0.112235E-07    0.000000E+00   -0.313516E+03    0.184562E-02    0.962822E+00    0.562026-316    0.276842E-02    0.177911+160
 136   -0.300621E+01    0.985797E-03    0.121661E-07    0.000000E+00   -0.313516E+03    0.187554E-02    0.947203E+00    0.571137-316    0.281330E-02    0.176486+160
 137   -0.299218E+01    0.101816E-02    0.131880E-07    0.000000E+00   -0.313516E+03    0.190594E-02    0.931830E+00    0.580395-316    0.285891E-02    0.175073+160
 138   -0.297816E+01    0.105158E-02    0.142956E-07    0.000000E+00   -0.313516E+03    0.193683E-02    0.916701E+00    0.589802-316    0.290524E-02    0.173671+160
 139   -0.296413E+01    0.108610E-02    0.154961E-07    0.000000E+00   -0.313516E+03    0.196822E-02    0.901811E+00    0.599360-316    0.295232E-02    0.172281+160
 140   -0.295010E+01    0.112176E-02    0.167975E-07    0.000000E+00   -0.313516E+03    0.200011E-02    0.887156E+00    0.609071-316    0.300016E-02    0.170902+160
 141   -0.293607E+01    0.115858E-02    0.182080E-07    0.000000E+00   -0.313516E+03    0.203251E-02    0.872732E+00    0.618938-316    0.304876E-02    0.169534+160
 142   -0.292204E+01    0.119662E-02    0.197369E-07    0.000000E+00   -0.313516E+03    0.206543E-02    0.858537E+00    0.628963-316    0.309814E-02    0.168177+160
 143   -0.290802E+01    0.123590E-02    0.213942E-07    0.000000E+00   -0.313516E+03    0.209888E-02    0.844565E+00    0.639149-316    0.314832E-02    0.166832+160
 144   -0.289399E+01    0.127647E-02    0.231904E-07    0.000000E+00   -0.313516E+03    0.213286E-02    0.830813E+00    0.649498-316    0.319929E-02    0.165497+160
 145   -0.287996E+01    0.131838E-02    0.251375E-07    0.000000E+00   -0.313516E+03    0.216739E-02    0.817278E+00    0.660012-316    0.325109E-02    0.164174+160
 146   -0.286593E+01    0.136166E-02    0.272477E-07    0.000000E+00   -0.313516E+03    0.220247E-02    0.803957E+00    0.670695-316    0.330371E-02    0.162861+160
 147   -0.285190E+01    0.140636E-02    0.295351E-07    0.000000E+00   -0.313516E+03    0.223811E-02    0.790845E+00    0.681548-316    0.335717E-02    0.161559+160
 148   -0.283788E+01    0.145253E-02    0.320143E-07    0.000000E+00   -0.313516E+03    0.227432E-02    0.777940E+00    0.692575-316    0.341148E-02    0.160268+160
 149   -0.282385E+01    0.150021E-02    0.347015E-07    0.000000E+00   -0.313516E+03    0.231111E-02    0.765238E+00    0.703778-316    0.346667E-02    0.158987+160
 150   -0.280982E+01    0.154946E-02    0.376140E-07    0.000000E+00   -0.313516E+03    0.234849E-02    0.752735E+00    0.715160-316    0.352273E-02    0.157717+160
 151   -0.279579E+01    0.160033E-02    0.407708E-07    0.000000E+00   -0.313516E+03    0.238646E-02    0.740429E+00    0.726724-316    0.357969E-02    0.156457+160
 152   -0.278176E+01    0.165286E-02    0.441922E-07    0.000000E+00   -0.313516E+03    0.242504E-02    0.728315E+00    0.738471-316    0.363756E-02    0.155208+160
 153   -0.276774E+01    0.170712E-02    0.479005E-07    0.000000E+00   -0.313516E+03    0.246423E-02    0.716393E+00    0.750406-316    0.369635E-02    0.153969+160
 154   -0.275371E+01    0.176316E-02    0.519197E-07    0.000000E+00   -0.313516E+03    0.250405E-02    0.704656E+00    0.762531-316    0.375607E-02    0.152740+160
 155   -0.273968E+01    0.182104E-02    0.562758E-07    0.000000E+00   -0.313516E+03    0.254450E-02    0.693104E+00    0.774848-316    0.381674E-02    0.151521+160
 156   -0.272565E+01    0.188083E-02    0.609970E-07    0.000000E+00   -0.313516E+03    0.258559E-02    0.681733E+00    0.787361-316    0.387838E-02    0.150312+160
 157   -0.271162E+01    0.194257E-02    0.661139E-07    0.000000E+00   -0.313516E+03    0.262733E-02    0.670539E+00    0.800074-316    0.394100E-02    0.149113+160
 158   -0.269760E+01    0.200634E-02    0.716595E-07    0.000000E+00   -0.313516E+03    0.266974E-02    0.659521E+00    0.812987-316    0.400461E-02    0.147924+160
 159   -0.268357E+01    0.207220E-02    0.776698E-07    0.000000E+00   -0.313516E+03    0.271282E-02    0.648675E+00    0.826105-316    0.406922E-02    0.146745+160
 160   -0.266954E+01    0.214023E-02    0.841836E-07    0.000000E+00   -0.313516E+03    0.275658E-02    0.637998E+00    0.839431-316    0.413487E-02    0.145575+160
 161   -0.265551E+01    0.221049E-02    0.912431E-07    0.000000E+00   -0.313516E+03    0.280103E-02    0.627487E+00    0.852968-316    0.420154E-02    0.144416+160
 162   -0.264148E+01    0.228306E-02    0.988938E-07    0.000000E+00   -0.313516E+03    0.284619E-02    0.617140E+00    0.866719-316    0.426928E-02    0.143265+160
 163   -0.262745E+01    0.235801E-02    0.107185E-06    0.000000E+00   -0.313516E+03    0.289205E-02    0.606955E+00    0.880686-316    0.433808E-02    0.142125+160
 164   -0.261343E+01    0.243542E-02    0.116171E-06    0.000000E+00   -0.313516E+03    0.293865E-02    0.596928E+00    0.894875-316    0.440797E-02    0.140993+160
 165   -0.259940E+01    0.251537E-02    0.125909E-06    0.000000E+00   -0.313516E+03    0.298597E-02    0.587056E+00    0.909286-316    0.447896E-02    0.139872+160
 166   -0.258537E+01    0.259794E-02    0.136462E-06    0.000000E+00   -0.313516E+03    0.303404E-02    0.577338E+00    0.923925-316    0.455106E-02    0.138759+160
 167   -0.257134E+01    0.268322E-02    0.147898E-06    0.000000E+00   -0.313516E+03    0.308287E-02    0.567771E+00    0.938793-316    0.462430E-02    0.137656+160
 168   -0.255731E+01    0.277131E-02    0.160291E-06    0.000000E+00   -0.313516E+03    0.313246E-02    0.558352E+00    0.953896-316    0.469870E-02    0.136562+160
 169   -0.254329E+01    0.286229E-02    0.173722E-06    0.000000E+00   -0.313516E+03    0.318284E-02    0.549079E+00    0.969235-316    0.477425E-02    0.135477+160
 170   -0.252926E+01    0.295625E-02    0.188275E-06    0.000000E+00   -0.313516E+03    0.323399E-02    0.539949E+00    0.984814-316    0.485099E-02    0.134401+160
 171   -0.251523E+01    0.305330E-02    0.204046E-06    0.000000E+00   -0.313516E+03    0.328596E-02    0.530960E+00    0.100064-315    0.492893E-02    0.133334+160
 172   -0.250120E+01    0.315353E-02    0.221136E-06    0.000000E+00   -0.313516E+03    0.333873E-02    0.522110E+00    0.101671-315    0.500809E-02    0.132276+160
 173   -0.248717E+01    0.325706E-02    0.239654E-06    0.000000E+00   -0.313516E+03    0.339232E-02    0.513396E+00    0.103303-315    0.508849E-02    0.131227+160
 174   -0.247315E+01    0.336398E-02    0.259721E-06    0.000000E+00   -0.313516E+03    0.344676E-02    0.504817E+00    0.104960-315    0.517013E-02    0.130187+160
 175   -0.245912E+01    0.347441E-02    0.281464E-06    0.000000E+00   -0.313516E+03    0.350203E-02    0.496369E+00    0.106644-315    0.525305E-02    0.129155+160
 176   -0.244509E+01    0.358847E-02    0.305024E-06    0.000000E+00   -0.313516E+03    0.355817E-02    0.488051E+00    0.108353-315    0.533725E-02    0.128133+160
 177   -0.243106E+01    0.370628E-02    0.330553E-06    0.000000E+00   -0.313516E+03    0.361518E-02    0.479860E+00    0.110089-315    0.542276E-02    0.127118+160
 178   -0.241703E+01    0.382795E-02    0.358213E-06    0.000000E+00   -0.313516E+03    0.367307E-02    0.471795E+00    0.111852-315    0.550960E-02    0.126113+160
 179   -0.240301E+01    0.395361E-02    0.388184E-06    0.000000E+00   -0.313516E+03    0.373185E-02    0.463853E+00    0.113642-315    0.559777E-02    0.125115+160
 180   -0.238898E+01    0.408340E-02    0.420656E-06    0.000000E+00   -0.313516E+03    0.379154E-02    0.456033E+00    0.115460-315    0.568731E-02    0.124127+160
 181   -0.237495E+01    0.421745E-02    0.455838E-06    0.000000E+00   -0.313516E+03    0.385215E-02    0.448331E+00    0.117305-315    0.577823E-02    0.123146+160
 182   -0.236092E+01    0.435590E-02    0.493956E-06    0.000000E+00   -0.313516E+03    0.391369E-02    0.440747E+00    0.119180-315    0.587054E-02    0.122174+160
 183   -0.234689E+01    0.449890E-02    0.535254E-06    0.000000E+00   -0.313516E+03    0.397618E-02    0.433279E+00    0.121082-315    0.596427E-02    0.121210+160
 184   -0.233287E+01    0.464659E-02    0.579996E-06    0.000000E+00   -0.313516E+03    0.403962E-02    0.425923E+00    0.123014-315    0.605943E-02    0.120255+160
 185   -0.231884E+01    0.479913E-02    0.628469E-06    0.000000E+00   -0.313516E+03    0.410403E-02    0.418679E+00    0.124976-315    0.615605E-02    0.119307+160
 186   -0.230481E+01    0.495667E-02    0.680981E-06    0.000000E+00   -0.313516E+03    0.416943E-02    0.411545E+00    0.126967-315    0.625414E-02    0.118368+160
 187   -0.229078E+01    0.511939E-02    0.737868E-06    0.000000E+00   -0.313516E+03    0.423582E-02    0.404518E+00    0.128989-315    0.635373E-02    0.117437+160
 188   -0.227675E+01    0.528745E-02    0.799496E-06    0.000000E+00   -0.313516E+03    0.430321E-02    0.397597E+00    0.131041-315    0.645482E-02    0.116513+160
 189   -0.226273E+01    0.546103E-02    0.866253E-06    0.000000E+00   -0.313516E+03    0.437163E-02    0.390781E+00    0.133125-315    0.655745E-02    0.115598+160
 190   -0.224870E+01    0.564030E-02    0.938569E-06    0.000000E+00   -0.313516E+03    0.444108E-02    0.384066E+00    0.135239-315    0.666162E-02    0.114691+160
 191   -0.223467E+01    0.582546E-02    0.101690E-05    0.000000E+00   -0.313516E+03    0.451158E-02    0.377453E+00    0.137386-315    0.676736E-02    0.113791+160
 192   -0.222064E+01    0.601670E-02    0.110175E-05    0.000000E+00   -0.313516E+03    0.458313E-02    0.370938E+00    0.139565-315    0.687470E-02    0.112899+160
 193   -0.220661E+01    0.621422E-02    0.119366E-05    0.000000E+00   -0.313516E+03    0.465576E-02    0.364521E+00    0.141777-315    0.698364E-02    0.112015+160
 194   -0.219259E+01    0.641822E-02    0.129321E-05    0.000000E+00   -0.313516E+03    0.472947E-02    0.358199E+00    0.144022-315    0.709421E-02    0.111139+160
 195   -0.217856E+01    0.662892E-02    0.140103E-05    0.000000E+00   -0.313516E+03    0.480428E-02    0.351971E+00    0.146300-315    0.720642E-02    0.110270+160
 196   -0.216453E+01    0.684653E-02    0.151780E-05    0.000000E+00   -0.313516E+03    0.488020E-02    0.345835E+00    0.148611-315    0.732030E-02    0.109409+160
 197   -0.215050E+01    0.707130E-02    0.164427E-05    0.000000E+00   -0.313516E+03    0.495724E-02    0.339791E+00    0.150958-315    0.743587E-02    0.108556+160
 198   -0.213647E+01    0.730343E-02    0.178124E-05    0.000000E+00   -0.313516E+03    0.503542E-02    0.333835E+00    0.153338-315    0.755314E-02    0.107710+160
 199   -0.212245E+01    0.754319E-02    0.192956E-05    0.000000E+00   -0.313516E+03    0.511475E-02    0.327968E+00    0.155754-315    0.767213E-02    0.106871+160
 200   -0.210842E+01    0.779082E-02    0.209020E-05    0.000000E+00   -0.313516E+03    0.519525E-02    0.322186E+00    0.158205-315    0.779287E-02    0.106040+160
 201   -0.209439E+01    0.804657E-02    0.226414E-05    0.000000E+00   -0.313516E+03    0.527691E-02    0.316490E+00    0.160692-315    0.791537E-02    0.105216+160
 202   -0.208036E+01    0.831073E-02    0.245249E-05    0.000000E+00   -0.313516E+03    0.535977E-02    0.310876E+00    0.163215-315    0.803965E-02    0.104400+160
 203   -0.206633E+01    0.858355E-02    0.265644E-05    0.000000E+00   -0.313516E+03    0.544382E-02    0.305345E+00    0.165775-315    0.816573E-02    0.103591+160
 204   -0.205230E+01    0.886534E-02    0.287727E-05    0.000000E+00   -0.313516E+03    0.552909E-02    0.299894E+00    0.168371-315    0.829363E-02    0.102789+160
 205   -0.203828E+01    0.915637E-02    0.311637E-05    0.000000E+00   -0.313516E+03    0.561558E-02    0.294522E+00    0.171005-315    0.842336E-02    0.101994+160
 206   -0.202425E+01    0.945696E-02    0.337523E-05    0.000000E+00   -0.313516E+03    0.570330E-02    0.289228E+00    0.173677-315    0.855495E-02    0.101207+160
 207   -0.201022E+01    0.976741E-02    0.365548E-05    0.000000E+00   -0.313516E+03    0.579228E-02    0.284011E+00    0.176386-315    0.868842E-02    0.100426+160
 208   -0.199619E+01    0.100881E-01    0.395887E-05    0.000000E+00   -0.313516E+03    0.588251E-02    0.278868E+00    0.179134-315    0.882377E-02    0.996532+159
 209   -0.198216E+01    0.104192E-01    0.428730E-05    0.000000E+00   -0.313516E+03    0.597402E-02    0.273799E+00    0.181920-315    0.896103E-02    0.988871+159
 210   -0.196814E+01    0.107613E-01    0.464283E-05    0.000000E+00   -0.313516E+03    0.606681E-02    0.268803E+00    0.184746-315    0.910021E-02    0.981279+159
 211   -0.195411E+01    0.111145E-01    0.502765E-05    0.000000E+00   -0.313516E+03    0.616089E-02    0.263878E+00    0.187611-315    0.924134E-02    0.973758+159
 212   -0.194008E+01    0.114794E-01    0.544417E-05    0.000000E+00   -0.313516E+03    0.625628E-02    0.259023E+00    0.190516-315    0.938442E-02    0.966306+159
 213   -0.192605E+01    0.118563E-01    0.589498E-05    0.000000E+00   -0.313516E+03    0.635298E-02    0.254237E+00    0.193460-315    0.952947E-02    0.958924+159
 214   -0.191202E+01    0.122455E-01    0.638287E-05    0.000000E+00   -0.313516E+03    0.645101E-02    0.249519E+00    0.196446-315    0.967651E-02    0.951610+159
 215   -0.189800E+01    0.126475E-01    0.691086E-05    0.000000E+00   -0.313516E+03    0.655037E-02    0.244867E+00    0.199471-315    0.982555E-02    0.944365+159
 216   -0.188397E+01    0.130627E-01    0.748222E-05    0.000000E+00   -0.313516E+03    0.665107E-02    0.240281E+00    0.202538-315    0.997661E-02    0.937188+159
 217   -0.186994E+01    0.134915E-01    0.810048E-05    0.000000E+00   -0.313516E+03    0.675314E-02    0.235758E+00    0.205646-315    0.101297E-01    0.930079+159
 218   -0.185591E+01    0.139344E-01    0.876943E-05    0.000000E+00   -0.313516E+03    0.685656E-02    0.231299E+00    0.208795-315    0.102848E-01    0.923038+159
 219   -0.184188E+01    0.143918E-01    0.949319E-05    0.000000E+00   -0.313516E+03    0.696135E-02    0.226902E+00    0.211986-315    0.104420E-01    0.916065+159
 220   -0.182786E+01    0.148643E-01    0.102762E-04    0.000000E+00   -0.313516E+03    0.706751E-02    0.222566E+00    0.215219-315    0.106013E-01    0.909158+159
 221   -0.181383E+01    0.153523E-01    0.111233E-04    0.000000E+00   -0.313516E+03    0.717507E-02    0.218289E+00    0.218495-315    0.107626E-01    0.902318+159
 222   -0.179980E+01    0.158562E-01    0.120396E-04    0.000000E+00   -0.313516E+03    0.728401E-02    0.214072E+00    0.221812-315    0.109260E-01    0.895545+159
 223   -0.178577E+01    0.163768E-01    0.130307E-04    0.000000E+00   -0.313516E+03    0.739435E-02    0.209913E+00    0.225172-315    0.110915E-01    0.888838+159
 224   -0.177174E+01    0.169144E-01    0.141026E-04    0.000000E+00   -0.313516E+03    0.750609E-02    0.205810E+00    0.228575-315    0.112591E-01    0.882198+159
 225   -0.175772E+01    0.174697E-01    0.152619E-04    0.000000E+00   -0.313516E+03    0.761923E-02    0.201763E+00    0.232020-315    0.114289E-01    0.875623+159
 226   -0.174369E+01    0.180432E-01    0.165155E-04    0.000000E+00   -0.313516E+03    0.773379E-02    0.197771E+00    0.235509-315    0.116007E-01    0.869114+159
 227   -0.172966E+01    0.186355E-01    0.178711E-04    0.000000E+00   -0.313516E+03    0.784975E-02    0.193833E+00    0.239040-315    0.117746E-01    0.862670+159
 228   -0.171563E+01    0.192473E-01    0.193368E-04    0.000000E+00   -0.313516E+03    0.796714E-02    0.189949E+00    0.242615-315    0.119507E-01    0.856291+159
 229   -0.170160E+01    0.198791E-01    0.209214E-04    0.000000E+00   -0.313516E+03    0.808593E-02    0.186116E+00    0.246232-315    0.121289E-01    0.849978+159
 230   -0.168758E+01    0.205317E-01    0.226344E-04    0.000000E+00   -0.313516E+03    0.820615E-02    0.182335E+00    0.249893-315    0.123092E-01    0.843729+159
 231   -0.167355E+01    0.212057E-01    0.244861E-04    0.000000E+00   -0.313516E+03    0.832778E-02    0.178604E+00    0.253597-315    0.124917E-01    0.837545+159
 232   -0.165952E+01    0.219019E-01    0.264874E-04    0.000000E+00   -0.313516E+03    0.845082E-02    0.174923E+00    0.257344-315    0.126762E-01    0.831425+159
 233   -0.164549E+01    0.226208E-01    0.286503E-04    0.000000E+00   -0.313516E+03    0.857527E-02    0.171291E+00    0.261134-315    0.128629E-01    0.825370+159
 234   -0.163146E+01    0.233634E-01    0.309875E-04    0.000000E+00   -0.313516E+03    0.870113E-02    0.167707E+00    0.264966-315    0.130517E-01    0.819379+159
 235   -0.161743E+01    0.241304E-01    0.335130E-04    0.000000E+00   -0.313516E+03    0.882839E-02    0.164170E+00    0.268841-315    0.132426E-01    0.813452+159
 236   -0.160341E+01    0.249226E-01    0.362414E-04    0.000000E+00   -0.313516E+03    0.895704E-02    0.160679E+00    0.272759-315    0.134356E-01    0.807589+159
 237   -0.158938E+01    0.257407E-01    0.391889E-04    0.000000E+00   -0.313516E+03    0.908708E-02    0.157234E+00    0.276719-315    0.136306E-01    0.801790+159
 238   -0.157535E+01    0.265858E-01    0.423727E-04    0.000000E+00   -0.313516E+03    0.921850E-02    0.153834E+00    0.280721-315    0.138277E-01    0.796054+159
 239   -0.156132E+01    0.274585E-01    0.458112E-04    0.000000E+00   -0.313516E+03    0.935128E-02    0.150479E+00    0.284765-315    0.140269E-01    0.790382+159
 240   -0.154729E+01    0.283599E-01    0.495245E-04    0.000000E+00   -0.313516E+03    0.948542E-02    0.147166E+00    0.288849-315    0.142281E-01    0.784774+159
 241   -0.153327E+01    0.292909E-01    0.535340E-04    0.000000E+00   -0.313516E+03    0.962090E-02    0.143897E+00    0.292975-315    0.144313E-01    0.779229+159
 242   -0.151924E+01    0.302525E-01    0.578627E-04    0.000000E+00   -0.313516E+03    0.975770E-02    0.140670E+00    0.297141-315    0.146365E-01    0.773747+159
 243   -0.150521E+01    0.312457E-01    0.625355E-04    0.000000E+00   -0.313516E+03    0.989581E-02    0.137485E+00    0.301346-315    0.148437E-01    0.768329+159
 244   -0.149118E+01    0.322714E-01    0.675789E-04    0.000000E+00   -0.313516E+03    0.100352E-01    0.134340E+00    0.305591-315    0.150528E-01    0.762974+159
 245   -0.147715E+01    0.333308E-01    0.730218E-04    0.000000E+00   -0.313516E+03    0.101759E-01    0.131236E+00    0.309875-315    0.152638E-01    0.757682+159
 246   -0.146313E+01    0.344250E-01    0.788948E-04    0.000000E+00   -0.313516E+03    0.103178E-01    0.128172E+00    0.314196-315    0.154767E-01    0.752454+159
 247   -0.144910E+01    0.355551E-01    0.852310E-04    0.000000E+00   -0.313516E+03    0.104609E-01    0.125147E+00    0.318554-315    0.156913E-01    0.747289+159
 248   -0.143507E+01    0.367223E-01    0.920660E-04    0.000000E+00   -0.313516E+03    0.106052E-01    0.122161E+00    0.322949-315    0.159078E-01    0.742187+159
 249   -0.142104E+01    0.379278E-01    0.994375E-04    0.000000E+00   -0.313516E+03    0.107507E-01    0.119213E+00    0.327379-315    0.161260E-01    0.737148+159
 250   -0.140701E+01    0.391729E-01    0.107387E-03    0.000000E+00   -0.313516E+03    0.108973E-01    0.116302E+00    0.331843-315    0.163459E-01    0.732173+159
 251   -0.139299E+01    0.404589E-01    0.115958E-03    0.000000E+00   -0.313516E+03    0.110450E-01    0.113429E+00    0.336341-315    0.165675E-01    0.727261+159
 252   -0.137896E+01    0.417871E-01    0.125197E-03    0.000000E+00   -0.313516E+03    0.111937E-01    0.110593E+00    0.340871-315    0.167906E-01    0.722412+159
 253   -0.136493E+01    0.431588E-01    0.135155E-03    0.000000E+00   -0.313516E+03    0.113435E-01    0.107793E+00    0.345432-315    0.170153E-01    0.717627+159
 254   -0.135090E+01    0.445757E-01    0.145885E-03    0.000000E+00   -0.313516E+03    0.114943E-01    0.105028E+00    0.350022-315    0.172414E-01    0.712906+159
 255   -0.133687E+01    0.460391E-01    0.157447E-03    0.000000E+00   -0.313516E+03    0.116459E-01    0.102299E+00    0.354641-315    0.174689E-01    0.708248+159
 256   -0.132285E+01    0.475504E-01    0.169900E-03    0.000000E+00   -0.313516E+03    0.117985E-01    0.996057E-01    0.359287-315    0.176977E-01    0.703654+159
 257   -0.130882E+01    0.491114E-01    0.183312E-03    0.000000E+00   -0.313516E+03    0.119519E-01    0.969466E-01    0.363958-315    0.179278E-01    0.699124+159
 258   -0.129479E+01    0.507236E-01    0.197754E-03    0.000000E+00   -0.313516E+03    0.121061E-01    0.943219E-01    0.368653-315    0.181591E-01    0.694659+159
 259   -0.128076E+01    0.523888E-01    0.213300E-03    0.000000E+00   -0.313516E+03    0.122609E-01    0.917313E-01    0.373369-315    0.183914E-01    0.690257+159
 260   -0.126673E+01    0.541086E-01    0.230033E-03    0.000000E+00   -0.313516E+03    0.124165E-01    0.891744E-01    0.378106-315    0.186247E-01    0.685920+159
 261   -0.125271E+01    0.558849E-01    0.248038E-03    0.000000E+00   -0.313516E+03    0.125726E-01    0.866509E-01    0.382861-315    0.188589E-01    0.681647+159
 262   -0.123868E+01    0.577195E-01    0.267407E-03    0.000000E+00   -0.313516E+03    0.127293E-01    0.841608E-01    0.387631-315    0.190939E-01    0.677440+159
 263   -0.122465E+01    0.596143E-01    0.288240E-03    0.000000E+00   -0.313516E+03    0.128864E-01    0.817035E-01    0.392416-315    0.193296E-01    0.673297+159
 264   -0.121062E+01    0.615714E-01    0.310641E-03    0.000000E+00   -0.313516E+03    0.130439E-01    0.792790E-01    0.397212-315    0.195659E-01    0.669220+159
 265   -0.119659E+01    0.635926E-01    0.334721E-03    0.000000E+00   -0.313516E+03    0.132017E-01    0.768870E-01    0.402018-315    0.198026E-01    0.665208+159
 266   -0.118257E+01    0.656802E-01    0.360601E-03    0.000000E+00   -0.313516E+03    0.133597E-01    0.745274E-01    0.406830-315    0.200396E-01    0.661262+159
 267   -0.116854E+01    0.678364E-01    0.388407E-03    0.000000E+00   -0.313516E+03    0.135179E-01    0.722000E-01    0.411646-315    0.202768E-01    0.657382+159
 268   -0.115451E+01    0.700633E-01    0.418275E-03    0.000000E+00   -0.313516E+03    0.136761E-01    0.699048E-01    0.416464-315    0.205142E-01    0.653569+159
 269   -0.114048E+01    0.723634E-01    0.450348E-03    0.000000E+00   -0.313516E+03    0.138343E-01    0.676413E-01    0.421280-315    0.207514E-01    0.649822+159
 270   -0.112645E+01    0.747390E-01    0.484779E-03    0.000000E+00   -0.313516E+03    0.139923E-01    0.654098E-01    0.426092-315    0.209884E-01    0.646143+159
 271   -0.111243E+01    0.771925E-01    0.521729E-03    0.000000E+00   -0.313516E+03    0.141500E-01    0.632101E-01    0.430896-315    0.212250E-01    0.642531+159
 272   -0.109840E+01    0.797266E-01    0.561373E-03    0.000000E+00   -0.313516E+03    0.143074E-01    0.610420E-01    0.435689-315    0.214612E-01    0.638987+159
 273   -0.108437E+01    0.823439E-01    0.603892E-03    0.000000E+00   -0.313516E+03    0.144644E-01    0.589056E-01    0.440468-315    0.216966E-01    0.635510+159
 274   -0.107034E+01    0.850470E-01    0.649478E-03    0.000000E+00   -0.313516E+03    0.146207E-01    0.568009E-01    0.445230-315    0.219311E-01    0.632103+159
 275   -0.105631E+01    0.878390E-01    0.698340E-03    0.000000E+00   -0.313516E+03    0.147764E-01    0.547279E-01    0.449970-315    0.221646E-01    0.628765+159
 276   -0.104228E+01    0.907226E-01    0.750693E-03    0.000000E+00   -0.313516E+03    0.149313E-01    0.526865E-01    0.454686-315    0.223969E-01    0.625496+159
 277   -0.102826E+01    0.937008E-01    0.806765E-03    0.000000E+00   -0.313516E+03    0.150851E-01    0.506768E-01    0.459372-315    0.226277E-01    0.622297+159
 278   -0.101423E+01    0.967768E-01    0.866802E-03    0.000000E+00   -0.313516E+03    0.152380E-01    0.486989E-01    0.464025-315    0.228569E-01    0.619169+159
 279   -0.100020E+01    0.999539E-01    0.931060E-03    0.000000E+00   -0.313516E+03    0.153896E-01    0.467527E-01    0.468642-315    0.230843E-01    0.616112+159
 280   -0.986173E+00    0.103235E+00    0.999803E-03    0.000000E+00   -0.313516E+03    0.155398E-01    0.448386E-01    0.473217-315    0.233097E-01    0.613127+159
 281   -0.972144E+00    0.106624E+00    0.107333E-02    0.000000E+00   -0.313516E+03    0.156885E-01    0.429564E-01    0.477746-315    0.235328E-01    0.610213+159
 282   -0.958116E+00    0.110124E+00    0.115192E-02    0.000000E+00   -0.313516E+03    0.158356E-01    0.411064E-01    0.482225-315    0.237534E-01    0.607373+159
 283   -0.944088E+00    0.113740E+00    0.123590E-02    0.000000E+00   -0.313516E+03    0.159809E-01    0.392887E-01    0.486649-315    0.239714E-01    0.604605+159
 284   -0.930060E+00    0.117473E+00    0.132561E-02    0.000000E+00   -0.313516E+03    0.161242E-01    0.375033E-01    0.491014-315    0.241864E-01    0.601912+159
 285   -0.916032E+00    0.121330E+00    0.142139E-02    0.000000E+00   -0.313516E+03    0.162655E-01    0.357505E-01    0.495315-315    0.243982E-01    0.599294+159
 286   -0.902004E+00    0.125313E+00    0.152360E-02    0.000000E+00   -0.313516E+03    0.164044E-01    0.340305E-01    0.499545-315    0.246066E-01    0.596750+159
 287   -0.887976E+00    0.129427E+00    0.163262E-02    0.000000E+00   -0.313516E+03    0.165409E-01    0.323433E-01    0.503702-315    0.248113E-01    0.594283+159
 288   -0.873948E+00    0.133676E+00    0.174887E-02    0.000000E+00   -0.313516E+03    0.166747E-01    0.306893E-01    0.507778-315    0.250121E-01    0.591893+159
 289   -0.859920E+00    0.138064E+00    0.187275E-02    0.000000E+00   -0.313516E+03    0.168058E-01    0.290685E-01    0.511770-315    0.252087E-01    0.589580+159
 290   -0.845892E+00    0.142596E+00    0.200470E-02    0.000000E+00   -0.313516E+03    0.169339E-01    0.274813E-01    0.515671-315    0.254009E-01    0.587346+159
 291   -0.831864E+00    0.147277E+00    0.214517E-02    0.000000E+00   -0.313516E+03    0.170589E-01    0.259278E-01    0.519477-315    0.255884E-01    0.585190+159
 292   -0.817835E+00    0.152112E+00    0.229465E-02    0.000000E+00   -0.313516E+03    0.171806E-01    0.244081E-01    0.523181-315    0.257708E-01    0.583115+159
 293   -0.803808E+00    0.157106E+00    0.245360E-02    0.000000E+00   -0.313516E+03    0.172987E-01    0.229227E-01    0.526779-315    0.259480E-01    0.581120+159
 294   -0.789780E+00    0.162263E+00    0.262257E-02    0.000000E+00   -0.313516E+03    0.174131E-01    0.214716E-01    0.530263-315    0.261197E-01    0.579208+159
 295   -0.775752E+00    0.167590E+00    0.280206E-02    0.000000E+00   -0.313516E+03    0.175237E-01    0.200550E-01    0.533630-315    0.262855E-01    0.577378+159
 296   -0.761724E+00    0.173092E+00    0.299263E-02    0.000000E+00   -0.313516E+03    0.176302E-01    0.186732E-01    0.536873-315    0.264453E-01    0.575631+159
 297   -0.747695E+00    0.178774E+00    0.319484E-02    0.000000E+00   -0.313516E+03    0.177324E-01    0.173264E-01    0.539986-315    0.265986E-01    0.573969+159
 298   -0.733667E+00    0.184643E+00    0.340928E-02    0.000000E+00   -0.313516E+03    0.178302E-01    0.160148E-01    0.542964-315    0.267453E-01    0.572393+159
 299   -0.719639E+00    0.190704E+00    0.363655E-02    0.000000E+00   -0.313516E+03    0.179234E-01    0.147385E-01    0.545801-315    0.268851E-01    0.570904+159
 300   -0.705611E+00    0.196965E+00    0.387725E-02    0.000000E+00   -0.313516E+03    0.180117E-01    0.134978E-01    0.548491-315    0.270176E-01    0.569502+159
 301   -0.691583E+00    0.203431E+00    0.413204E-02    0.000000E+00   -0.313516E+03    0.180950E-01    0.122928E-01    0.551029-315    0.271426E-01    0.568189+159
 302   -0.677556E+00    0.210109E+00    0.440153E-02    0.000000E+00   -0.313516E+03    0.181732E-01    0.111237E-01    0.553408-315    0.272598E-01    0.566966+159
 303   -0.663527E+00    0.217007E+00    0.468643E-02    0.000000E+00   -0.313516E+03    0.182460E-01    0.999059E-02    0.555624-315    0.273689E-01    0.565835+159
 304   -0.649499E+00    0.224131E+00    0.498738E-02    0.000000E+00   -0.313516E+03    0.183132E-01    0.889360E-02    0.557671-315    0.274697E-01    0.564795+159
 305   -0.635471E+00    0.231488E+00    0.530505E-02    0.000000E+00   -0.313516E+03    0.183746E-01    0.783290E-02    0.559544-315    0.275620E-01    0.563850+159
 306   -0.621443E+00    0.239088E+00    0.564019E-02    0.000000E+00   -0.313516E+03    0.184302E-01    0.680843E-02    0.561236-315    0.276453E-01    0.562999+159
 307   -0.607415E+00    0.246936E+00    0.599344E-02    0.000000E+00   -0.313516E+03    0.184797E-01    0.582037E-02    0.562744-315    0.277196E-01    0.562244+159
 308   -0.593387E+00    0.255043E+00    0.636553E-02    0.000000E+00   -0.313516E+03    0.185230E-01    0.486875E-02    0.564061-315    0.277845E-01    0.561587+159
 309   -0.579359E+00    0.263416E+00    0.675719E-02    0.000000E+00   -0.313516E+03    0.185599E-01    0.395345E-02    0.565184-315    0.278398E-01    0.561029+159
 310   -0.565331E+00    0.272063E+00    0.716910E-02    0.000000E+00   -0.313516E+03    0.185902E-01    0.307455E-02    0.566108-315    0.278853E-01    0.560571+159
 311   -0.551303E+00    0.280994E+00    0.760196E-02    0.000000E+00   -0.313516E+03    0.186139E-01    0.223199E-02    0.566828-315    0.279208E-01    0.560215+159
 312   -0.537275E+00    0.290219E+00    0.805652E-02    0.000000E+00   -0.313516E+03    0.186307E-01    0.142562E-02    0.567340-315    0.279460E-01    0.559962+159
 313   -0.523246E+00    0.299746E+00    0.853347E-02    0.000000E+00   -0.313516E+03    0.186405E-01    0.655302E-03    0.567640-315    0.279608E-01    0.559814+159
 314   -0.509219E+00    0.309586E+00    0.903346E-02    0.000000E+00   -0.313516E+03    0.186433E-01   -0.790433E-04    0.567725-315    0.279650E-01    0.559772+159
 315   -0.495191E+00    0.319749E+00    0.955719E-02    0.000000E+00   -0.313516E+03    0.186389E-01   -0.777698E-03    0.567590-315    0.279583E-01    0.559838+159
 316   -0.481163E+00    0.330246E+00    0.101053E-01    0.000000E+00   -0.313516E+03    0.186272E-01   -0.144088E-02    0.567234-315    0.279408E-01    0.560014+159
 317   -0.467134E+00    0.341087E+00    0.106785E-01    0.000000E+00   -0.313516E+03    0.186081E-01   -0.206886E-02    0.566653-315    0.279122E-01    0.560301+159
 318   -0.453106E+00    0.352285E+00    0.112773E-01    0.000000E+00   -0.313516E+03    0.185816E-01   -0.266197E-02    0.565844-315    0.278723E-01    0.560701+159
 319   -0.439078E+00    0.363849E+00    0.119024E-01    0.000000E+00   -0.313516E+03    0.185475E-01   -0.322058E-02    0.564807-315    0.278212E-01    0.561216+159
 320   -0.425050E+00    0.375794E+00    0.125542E-01    0.000000E+00   -0.313516E+03    0.185058E-01   -0.374508E-02    0.563538-315    0.277587E-01    0.561848+159
 321   -0.411022E+00    0.388131E+00    0.132334E-01    0.000000E+00   -0.313516E+03    0.184565E-01   -0.423592E-02    0.562037-315    0.276848E-01    0.562597+159
 322   -0.396994E+00    0.400872E+00    0.139403E-01    0.000000E+00   -0.313516E+03    0.183996E-01   -0.469360E-02    0.560303-315    0.275994E-01    0.563467+159
 323   -0.382966E+00    0.414032E+00    0.146755E-01    0.000000E+00   -0.313516E+03    0.183350E-01   -0.511864E-02    0.558335-315    0.275024E-01    0.564459+159
 324   -0.368938E+00    0.427624E+00    0.154393E-01    0.000000E+00   -0.313516E+03    0.182627E-01   -0.551162E-02    0.556133-315    0.273940E-01    0.565576+159
 325   -0.354910E+00    0.441662E+00    0.162321E-01    0.000000E+00   -0.313516E+03    0.181827E-01   -0.587315E-02    0.553698-315    0.272740E-01    0.566818+159
 326   -0.340882E+00    0.456161E+00    0.170541E-01    0.000000E+00   -0.313516E+03    0.180951E-01   -0.620388E-02    0.551030-315    0.271426E-01    0.568189+159
 327   -0.326854E+00    0.471136E+00    0.179055E-01    0.000000E+00   -0.313516E+03    0.179999E-01   -0.650453E-02    0.548131-315    0.269998E-01    0.569689+159
 328   -0.312826E+00    0.486602E+00    0.187866E-01    0.000000E+00   -0.313516E+03    0.178971E-01   -0.677580E-02    0.545001-315    0.268457E-01    0.571323+159
 329   -0.298798E+00    0.502577E+00    0.196974E-01    0.000000E+00   -0.313516E+03    0.177869E-01   -0.701848E-02    0.541644-315    0.266803E-01    0.573090+159
 330   -0.284770E+00    0.519075E+00    0.206380E-01    0.000000E+00   -0.313516E+03    0.176692E-01   -0.723337E-02    0.538063-315    0.265039E-01    0.574995+159
 331   -0.270741E+00    0.536116E+00    0.216082E-01    0.000000E+00   -0.313516E+03    0.175443E-01   -0.742130E-02    0.534259-315    0.263165E-01    0.577038+159
 332   -0.256713E+00    0.553715E+00    0.226080E-01    0.000000E+00   -0.313516E+03    0.174122E-01   -0.758314E-02    0.530236-315    0.261184E-01    0.579223+159
 333   -0.242686E+00    0.571892E+00    0.236371E-01    0.000000E+00   -0.313516E+03    0.172731E-01   -0.771979E-02    0.525999-315    0.259097E-01    0.581551+159
 334   -0.228657E+00    0.590667E+00    0.246954E-01    0.000000E+00   -0.313516E+03    0.171271E-01   -0.783218E-02    0.521552-315    0.256906E-01    0.584025+159
 335   -0.214629E+00    0.610058E+00    0.257823E-01    0.000000E+00   -0.313516E+03    0.169743E-01   -0.792123E-02    0.516900-315    0.254614E-01    0.586647+159
 336   -0.200602E+00    0.630084E+00    0.268975E-01    0.000000E+00   -0.313516E+03    0.168149E-01   -0.798794E-02    0.512047-315    0.252224E-01    0.589420+159
 337   -0.186573E+00    0.650769E+00    0.280405E-01    0.000000E+00   -0.313516E+03    0.166492E-01   -0.803328E-02    0.507000-315    0.249738E-01    0.592347+159
 338   -0.172545E+00    0.672133E+00    0.292106E-01    0.000000E+00   -0.313516E+03    0.164772E-01   -0.805824E-02    0.501764-315    0.247159E-01    0.595429+159
 339   -0.158517E+00    0.694197E+00    0.304070E-01    0.000000E+00   -0.313516E+03    0.162993E-01   -0.806384E-02    0.496347-315    0.244490E-01    0.598670+159
 340   -0.144489E+00    0.716987E+00    0.316292E-01    0.000000E+00   -0.313516E+03    0.161157E-01   -0.805110E-02    0.490754-315    0.241735E-01    0.602072+159
 341   -0.130461E+00    0.740524E+00    0.328760E-01    0.000000E+00   -0.313516E+03    0.159265E-01   -0.802104E-02    0.484993-315    0.238897E-01    0.605637+159
 342   -0.116433E+00    0.764833E+00    0.341467E-01    0.000000E+00   -0.313516E+03    0.157320E-01   -0.797469E-02    0.479071-315    0.235981E-01    0.609369+159
 343   -0.102405E+00    0.789941E+00    0.354401E-01    0.000000E+00   -0.313516E+03    0.155326E-01   -0.791307E-02    0.472996-315    0.232988E-01    0.613269+159
 344   -0.883765E-01    0.815875E+00    0.367552E-01    0.000000E+00   -0.313516E+03    0.153283E-01   -0.783721E-02    0.466776-315    0.229924E-01    0.617342+159
 345   -0.743489E-01    0.842657E+00    0.380907E-01    0.000000E+00   -0.313516E+03    0.151196E-01   -0.774811E-02    0.460420-315    0.226793E-01    0.621589+159
 346   -0.603209E-01    0.870320E+00    0.394455E-01    0.000000E+00   -0.313516E+03    0.149066E-01   -0.764679E-02    0.453935-315    0.223599E-01    0.626013+159
 347   -0.462928E-01    0.898891E+00    0.408181E-01    0.000000E+00   -0.313516E+03    0.146897E-01   -0.753423E-02    0.447330-315    0.220346E-01    0.630618+159
 348   -0.322647E-01    0.928400E+00    0.422072E-01    0.000000E+00   -0.313516E+03    0.144692E-01   -0.741140E-02    0.440615-315    0.217038E-01    0.635405+159
 349   -0.182366E-01    0.958878E+00    0.436114E-01    0.000000E+00   -0.313516E+03    0.142453E-01   -0.727926E-02    0.433797-315    0.213679E-01    0.640379+159
 350   -0.420856E-02    0.990356E+00    0.450291E-01    0.000000E+00   -0.313516E+03    0.140184E-01   -0.713873E-02    0.426886-315    0.210275E-01    0.645541+159
 351    0.981951E-02    0.102287E+01    0.464588E-01    0.000000E+00   -0.313516E+03    0.137887E-01   -0.699073E-02    0.419892-315    0.206830E-01    0.650896+159
 352    0.238476E-01    0.105645E+01    0.478990E-01    0.000000E+00   -0.313516E+03    0.135565E-01   -0.683613E-02    0.412822-315    0.203348E-01    0.656445+159
 353    0.378757E-01    0.109113E+01    0.493479E-01    0.000000E+00   -0.313516E+03    0.133222E-01   -0.667578E-02    0.405687-315    0.199833E-01    0.662193+159
 354    0.519037E-01    0.112695E+01    0.508039E-01    0.000000E+00   -0.313516E+03    0.130861E-01   -0.651051E-02    0.398496-315    0.196291E-01    0.668141+159
 355    0.659318E-01    0.116394E+01    0.522654E-01    0.000000E+00   -0.313516E+03    0.128483E-01   -0.634111E-02    0.391256-315    0.192725E-01    0.674294+159
 356    0.799599E-01    0.120215E+01    0.537306E-01    0.000000E+00   -0.313516E+03    0.126093E-01   -0.616832E-02    0.383979-315    0.189140E-01    0.680654+159
 357    0.939879E-01    0.124162E+01    0.551979E-01    0.000000E+00   -0.313516E+03    0.123694E-01   -0.599288E-02    0.376672-315    0.185541E-01    0.687224+159
 358    0.108016E+00    0.128238E+01    0.566656E-01    0.000000E+00   -0.313516E+03    0.121288E-01   -0.581546E-02    0.369344-315    0.181931E-01    0.694008+159
 359    0.122044E+00    0.132448E+01    0.581319E-01    0.000000E+00   -0.313516E+03    0.118877E-01   -0.563671E-02    0.362004-315    0.178316E-01    0.701009+159
 360    0.136072E+00    0.136795E+01    0.595951E-01    0.000000E+00   -0.313516E+03    0.116466E-01   -0.545725E-02    0.354660-315    0.174698E-01    0.708229+159
 361    0.150100E+00    0.141286E+01    0.610538E-01    0.000000E+00   -0.313516E+03    0.114055E-01   -0.527764E-02    0.347321-315    0.171083E-01    0.715673+159
 362    0.164128E+00    0.145925E+01    0.625060E-01    0.000000E+00   -0.313516E+03    0.111649E-01   -0.509843E-02    0.339994-315    0.167474E-01    0.723343+159
 363    0.178156E+00    0.150715E+01    0.639502E-01    0.000000E+00   -0.313516E+03    0.109250E-01   -0.492011E-02    0.332688-315    0.163875E-01    0.731243+159
 364    0.192184E+00    0.155662E+01    0.653850E-01    0.000000E+00   -0.313516E+03    0.106860E-01   -0.474314E-02    0.325409-315    0.160290E-01    0.739376+159
 365    0.206213E+00    0.160773E+01    0.668087E-01    0.000000E+00   -0.313516E+03    0.104481E-01   -0.456794E-02    0.318166-315    0.156722E-01    0.747745+159
 366    0.220241E+00    0.166051E+01    0.682198E-01    0.000000E+00   -0.313516E+03    0.102116E-01   -0.439491E-02    0.310964-315    0.153175E-01    0.756354+159
 367    0.234268E+00    0.171502E+01    0.696169E-01    0.000000E+00   -0.313516E+03    0.997677E-02   -0.422440E-02    0.303812-315    0.149652E-01    0.765205+159
 368    0.248297E+00    0.177132E+01    0.709987E-01    0.000000E+00   -0.313516E+03    0.974369E-02   -0.405671E-02    0.296714-315    0.146155E-01    0.774303+159
 369    0.262325E+00    0.182947E+01    0.723638E-01    0.000000E+00   -0.313516E+03    0.951263E-02   -0.389215E-02    0.289678-315    0.142689E-01    0.783650+159
 370    0.276352E+00    0.188952E+01    0.737108E-01    0.000000E+00   -0.313516E+03    0.928378E-02   -0.373096E-02    0.282709-315    0.139257E-01    0.793251+159
 371    0.290381E+00    0.195156E+01    0.750389E-01    0.000000E+00   -0.313516E+03    0.905728E-02   -0.357334E-02    0.275812-315    0.135859E-01    0.803108+159
 372    0.304409E+00    0.201562E+01    0.763466E-01    0.000000E+00   -0.313516E+03    0.883334E-02   -0.341951E-02    0.268992-315    0.132500E-01    0.813224+159
 373    0.318437E+00    0.208179E+01    0.776331E-01    0.000000E+00   -0.313516E+03    0.861209E-02   -0.326962E-02    0.262255-315    0.129181E-01    0.823604+159
 374    0.332465E+00    0.215013E+01    0.788974E-01    0.000000E+00   -0.313516E+03    0.839369E-02   -0.312380E-02    0.255604-315    0.125905E-01    0.834250+159
 375    0.346493E+00    0.222072E+01    0.801386E-01    0.000000E+00   -0.313516E+03    0.817825E-02   -0.298217E-02    0.249043-315    0.122674E-01    0.845167+159
 376    0.360521E+00    0.229362E+01    0.813557E-01    0.000000E+00   -0.313516E+03    0.796592E-02   -0.284480E-02    0.242578-315    0.119489E-01    0.856357+159
 377    0.374549E+00    0.236891E+01    0.825483E-01    0.000000E+00   -0.313516E+03    0.775679E-02   -0.271177E-02    0.236209-315    0.116352E-01    0.867824+159
 378    0.388577E+00    0.244668E+01    0.837155E-01    0.000000E+00   -0.313516E+03    0.755097E-02   -0.258311E-02    0.229942-315    0.113265E-01    0.879572+159
 379    0.402605E+00    0.252700E+01    0.848569E-01    0.000000E+00   -0.313516E+03    0.734855E-02   -0.245884E-02    0.223778-315    0.110228E-01    0.891603+159
 380    0.416633E+00    0.260996E+01    0.859719E-01    0.000000E+00   -0.313516E+03    0.714962E-02   -0.233896E-02    0.217720-315    0.107244E-01    0.903923+159
 381    0.430661E+00    0.269564E+01    0.870600E-01    0.000000E+00   -0.313516E+03    0.695423E-02   -0.222347E-02    0.211770-315    0.104313E-01    0.916533+159
 382    0.444689E+00    0.278413E+01    0.881210E-01    0.000000E+00   -0.313516E+03    0.676246E-02   -0.211234E-02    0.205930-315    0.101437E-01    0.929438+159
 383    0.458717E+00    0.287553E+01    0.891546E-01    0.000000E+00   -0.313516E+03    0.657435E-02   -0.200552E-02    0.200202-315    0.986152E-02    0.942641+159
 384    0.472745E+00    0.296992E+01    0.901606E-01    0.000000E+00   -0.313516E+03    0.638994E-02   -0.190297E-02    0.194586-315    0.958491E-02    0.956146+159
 385    0.486773E+00    0.306742E+01    0.911388E-01    0.000000E+00   -0.313516E+03    0.620927E-02   -0.180461E-02    0.189084-315    0.931390E-02    0.969957+159
 386    0.500802E+00    0.316812E+01    0.920892E-01    0.000000E+00   -0.313516E+03    0.603237E-02   -0.171037E-02    0.183697-315    0.904855E-02    0.984077+159
 387    0.514830E+00    0.327212E+01    0.930117E-01    0.000000E+00   -0.313516E+03    0.585924E-02   -0.162018E-02    0.178425-315    0.878886E-02    0.998509+159
 388    0.528858E+00    0.337954E+01    0.939065E-01    0.000000E+00   -0.313516E+03    0.568991E-02   -0.153393E-02    0.173269-315    0.853486E-02    0.101326+160
 389    0.542886E+00    0.349049E+01    0.947736E-01    0.000000E+00   -0.313516E+03    0.552437E-02   -0.145153E-02    0.168228-315    0.828656E-02    0.102833+160
 390    0.556914E+00    0.360507E+01    0.956132E-01    0.000000E+00   -0.313516E+03    0.536262E-02   -0.137289E-02    0.163302-315    0.804393E-02    0.104372+160
 391    0.570941E+00    0.372342E+01    0.964255E-01    0.000000E+00   -0.313516E+03    0.520466E-02   -0.129789E-02    0.158492-315    0.780699E-02    0.105944+160
 392    0.584970E+00    0.384565E+01    0.972108E-01    0.000000E+00   -0.313516E+03    0.505044E-02   -0.122643E-02    0.153796-315    0.757567E-02    0.107549+160
 393    0.598998E+00    0.397190E+01    0.979694E-01    0.000000E+00   -0.313516E+03    0.489998E-02   -0.115839E-02    0.149214-315    0.734997E-02    0.109188+160
 394    0.613026E+00    0.410228E+01    0.987016E-01    0.000000E+00   -0.313516E+03    0.475323E-02   -0.109366E-02    0.144745-315    0.712985E-02    0.110861+160
 395    0.627054E+00    0.423695E+01    0.994078E-01    0.000000E+00   -0.313516E+03    0.461016E-02   -0.103212E-02    0.140388-315    0.691524E-02    0.112568+160
 396    0.641082E+00    0.437605E+01    0.100089E+00    0.000000E+00   -0.313516E+03    0.447073E-02   -0.973663E-03    0.136142-315    0.670609E-02    0.114310+160
 397    0.655110E+00    0.451970E+01    0.100744E+00    0.000000E+00   -0.313516E+03    0.433491E-02   -0.918170E-03    0.132006-315    0.650237E-02    0.116087+160
 398    0.669138E+00    0.466808E+01    0.101375E+00    0.000000E+00   -0.313516E+03    0.420265E-02   -0.865524E-03    0.127979-315    0.630398E-02    0.117899+160
 399    0.683167E+00    0.482133E+01    0.101982E+00    0.000000E+00   -0.313516E+03    0.407390E-02   -0.815610E-03    0.124058-315    0.611085E-02    0.119748+160
 400    0.697194E+00    0.497960E+01    0.102565E+00    0.000000E+00   -0.313516E+03    0.394862E-02   -0.768320E-03    0.120243-315    0.592293E-02    0.121633+160
 401    0.711222E+00    0.514307E+01    0.103126E+00    0.000000E+00   -0.313516E+03    0.382675E-02   -0.723537E-03    0.116532-315    0.574012E-02    0.123554+160
 402    0.725251E+00    0.531191E+01    0.103664E+00    0.000000E+00   -0.313516E+03    0.370822E-02   -0.681154E-03    0.112923-315    0.556233E-02    0.125513+160
 403    0.739278E+00    0.548628E+01    0.104179E+00    0.000000E+00   -0.313516E+03    0.359300E-02   -0.641068E-03    0.109414-315    0.538950E-02    0.127510+160
 404    0.753306E+00    0.566639E+01    0.104674E+00    0.000000E+00   -0.313516E+03    0.348102E-02   -0.603169E-03    0.106004-315    0.522152E-02    0.129545+160
 405    0.767334E+00    0.585241E+01    0.105148E+00    0.000000E+00   -0.313516E+03    0.337220E-02   -0.567358E-03    0.102690-315    0.505831E-02    0.131618+160
 406    0.781363E+00    0.604454E+01    0.105602E+00    0.000000E+00   -0.313516E+03    0.326651E-02   -0.533535E-03    0.994714-316    0.489976E-02    0.133731+160
 407    0.795391E+00    0.624296E+01    0.106036E+00    0.000000E+00   -0.313516E+03    0.316386E-02   -0.501607E-03    0.963458-316    0.474579E-02    0.135883+160
 408    0.809419E+00    0.644791E+01    0.106451E+00    0.000000E+00   -0.313516E+03    0.306420E-02   -0.471479E-03    0.933109-316    0.459631E-02    0.138075+160
 409    0.823447E+00    0.665958E+01    0.106848E+00    0.000000E+00   -0.313516E+03    0.296747E-02   -0.443062E-03    0.903651-316    0.445120E-02    0.140307+160
 410    0.837475E+00    0.687820E+01    0.107228E+00    0.000000E+00   -0.313516E+03    0.287359E-02   -0.416269E-03    0.875062-316    0.431038E-02    0.142581+160
 411    0.851503E+00    0.710400E+01    0.107590E+00    0.000000E+00   -0.313516E+03    0.278249E-02   -0.391018E-03    0.847324-316    0.417374E-02    0.144896+160
 412    0.865531E+00    0.733721E+01    0.107935E+00    0.000000E+00   -0.313516E+03    0.269413E-02   -0.367229E-03    0.820415-316    0.404119E-02    0.147253+160
 413    0.879559E+00    0.757808E+01    0.108265E+00    0.000000E+00   -0.313516E+03    0.260842E-02   -0.344824E-03    0.794316-316    0.391264E-02    0.149652+160
 414    0.893587E+00    0.782685E+01    0.108580E+00    0.000000E+00   -0.313516E+03    0.252531E-02   -0.323731E-03    0.769007-316    0.378797E-02    0.152095+160
 415    0.907615E+00    0.808379E+01    0.108879E+00    0.000000E+00   -0.313516E+03    0.244473E-02   -0.303879E-03    0.744468-316    0.366710E-02    0.154581+160
 416    0.921643E+00    0.834917E+01    0.109165E+00    0.000000E+00   -0.313516E+03    0.236661E-02   -0.285200E-03    0.720679-316    0.354992E-02    0.157112+160
 417    0.935671E+00    0.862326E+01    0.109437E+00    0.000000E+00   -0.313516E+03    0.229089E-02   -0.267630E-03    0.697622-316    0.343634E-02    0.159687+160
 418    0.949699E+00    0.890634E+01    0.109695E+00    0.000000E+00   -0.313516E+03    0.221751E-02   -0.251114E-03    0.675274-316    0.332626E-02    0.162308+160
 419    0.963727E+00    0.919872E+01    0.109941E+00    0.000000E+00   -0.313516E+03    0.214640E-02   -0.235582E-03    0.653620-316    0.321960E-02    0.164975+160
 420    0.977756E+00    0.950070E+01    0.110175E+00    0.000000E+00   -0.313516E+03    0.207751E-02   -0.220985E-03    0.632641-316    0.311626E-02    0.167688+160
 421    0.991784E+00    0.981259E+01    0.110398E+00    0.000000E+00   -0.313516E+03    0.201076E-02   -0.207268E-03    0.612316-316    0.301614E-02    0.170448+160
 422    0.100581E+01    0.101347E+02    0.110609E+00    0.000000E+00   -0.313516E+03    0.194611E-02   -0.194382E-03    0.592629-316    0.291917E-02    0.173256+160
 423    0.101984E+01    0.104674E+02    0.110810E+00    0.000000E+00   -0.313516E+03    0.188349E-02   -0.182279E-03    0.573559-316    0.282523E-02    0.176113+160
 424    0.103387E+01    0.108110E+02    0.111000E+00    0.000000E+00   -0.313516E+03    0.182284E-02   -0.170913E-03    0.555091-316    0.273426E-02    0.179019+160
 425    0.104790E+01    0.111659E+02    0.111181E+00    0.000000E+00   -0.313516E+03    0.176412E-02   -0.160243E-03    0.537207-316    0.264617E-02    0.181974+160
 426    0.106192E+01    0.115325E+02    0.111352E+00    0.000000E+00   -0.313516E+03    0.170725E-02   -0.150226E-03    0.519890-316    0.256087E-02    0.184980+160
 427    0.107595E+01    0.119111E+02    0.111515E+00    0.000000E+00   -0.313516E+03    0.165219E-02   -0.140824E-03    0.503123-316    0.247828E-02    0.188037+160
 428    0.108998E+01    0.123021E+02    0.111669E+00    0.000000E+00   -0.313516E+03    0.159888E-02   -0.132002E-03    0.486890-316    0.239832E-02    0.191146+160
 429    0.110401E+01    0.127060E+02    0.111816E+00    0.000000E+00   -0.313516E+03    0.154727E-02   -0.123724E-03    0.471175-316    0.232091E-02    0.194307+160
 430    0.111804E+01    0.131231E+02    0.111954E+00    0.000000E+00   -0.313516E+03    0.149732E-02   -0.115875E-03    0.455962-316    0.224597E-02    0.197522+160
 431    0.113206E+01    0.135539E+02    0.112085E+00    0.000000E+00   -0.313516E+03    0.144898E-02   -0.108677E-03    0.441243-316    0.217347E-02    0.200790+160
 432    0.114609E+01    0.139988E+02    0.112209E+00    0.000000E+00   -0.313516E+03    0.140218E-02   -0.101847E-03    0.426990-316    0.210326E-02    0.204113+160
 433    0.116012E+01    0.144584E+02    0.112327E+00    0.000000E+00   -0.313516E+03    0.135687E-02   -0.954421E-04    0.413193-316    0.203530E-02    0.207493+160
 434    0.117415E+01    0.149330E+02    0.112438E+00    0.000000E+00   -0.313516E+03    0.131302E-02   -0.894367E-04    0.399841-316    0.196953E-02    0.210929+160
 435    0.118818E+01    0.154233E+02    0.112544E+00    0.000000E+00   -0.313516E+03    0.127058E-02   -0.838061E-04    0.386918-316    0.190588E-02    0.214423+160
 436    0.120220E+01    0.159296E+02    0.112643E+00    0.000000E+00   -0.313516E+03    0.122951E-02   -0.785275E-04    0.374411-316    0.184427E-02    0.217975+160
 437    0.121623E+01    0.164525E+02    0.112737E+00    0.000000E+00   -0.313516E+03    0.118977E-02   -0.735793E-04    0.362307-316    0.178465E-02    0.221586+160
 438    0.123026E+01    0.169926E+02    0.112826E+00    0.000000E+00   -0.313516E+03    0.115130E-02   -0.689410E-04    0.350594-316    0.172696E-02    0.225257+160
 439    0.124429E+01    0.175505E+02    0.112910E+00    0.000000E+00   -0.313516E+03    0.111411E-02   -0.645722E-04    0.339269-316    0.167117E-02    0.228986+160
 440    0.125832E+01    0.181266E+02    0.112990E+00    0.000000E+00   -0.313516E+03    0.107811E-02   -0.604963E-04    0.328304-316    0.161716E-02    0.232778+160
 441    0.127234E+01    0.187217E+02    0.113065E+00    0.000000E+00   -0.313516E+03    0.104327E-02   -0.566756E-04    0.317695-316    0.156490E-02    0.236633+160
 442    0.128637E+01    0.193363E+02    0.113136E+00    0.000000E+00   -0.313516E+03    0.100956E-02   -0.530957E-04    0.307429-316    0.151433E-02    0.240551+160
 443    0.130040E+01    0.199710E+02    0.113203E+00    0.000000E+00   -0.313516E+03    0.976937E-03   -0.497412E-04    0.297496-316    0.146541E-02    0.244534+160
 444    0.131443E+01    0.206267E+02    0.113266E+00    0.000000E+00   -0.313516E+03    0.945376E-03   -0.465980E-04    0.287885-316    0.141806E-02    0.248582+160
 445    0.132846E+01    0.213038E+02    0.113325E+00    0.000000E+00   -0.313516E+03    0.914839E-03   -0.436529E-04    0.278586-316    0.137226E-02    0.252697+160
 446    0.134248E+01    0.220032E+02    0.113382E+00    0.000000E+00   -0.313516E+03    0.885293E-03   -0.408937E-04    0.269589-316    0.132794E-02    0.256879+160
 447    0.135651E+01    0.227255E+02    0.113435E+00    0.000000E+00   -0.313516E+03    0.856707E-03   -0.383086E-04    0.260884-316    0.128506E-02    0.261130+160
 448    0.137054E+01    0.234715E+02    0.113485E+00    0.000000E+00   -0.313516E+03    0.829048E-03   -0.358867E-04    0.252461-316    0.124357E-02    0.265450+160
 449    0.138457E+01    0.242420E+02    0.113532E+00    0.000000E+00   -0.313516E+03    0.802287E-03   -0.336179E-04    0.244312-316    0.120343E-02    0.269841+160
 450    0.139860E+01    0.250379E+02    0.113576E+00    0.000000E+00   -0.313516E+03    0.776395E-03   -0.314925E-04    0.236427-316    0.116459E-02    0.274303+160
 451    0.141263E+01    0.258598E+02    0.113618E+00    0.000000E+00   -0.313516E+03    0.751344E-03   -0.295016E-04    0.228799-316    0.112702E-02    0.278839+160
 452    0.142665E+01    0.267087E+02    0.113658E+00    0.000000E+00   -0.313516E+03    0.727107E-03   -0.276365E-04    0.221418-316    0.109066E-02    0.283448+160
 453    0.144068E+01    0.275855E+02    0.113695E+00    0.000000E+00   -0.313516E+03    0.703656E-03   -0.258896E-04    0.214277-316    0.105548E-02    0.288133+160
 454    0.145471E+01    0.284911E+02    0.113730E+00    0.000000E+00   -0.313516E+03    0.680966E-03   -0.242531E-04    0.207367-316    0.102145E-02    0.292894+160
 455    0.146874E+01    0.294264E+02    0.113763E+00    0.000000E+00   -0.313516E+03    0.659012E-03   -0.227202E-04    0.200682-316    0.988519E-03    0.297732+160
 456    0.148277E+01    0.303924E+02    0.113794E+00    0.000000E+00   -0.313516E+03    0.637772E-03   -0.212845E-04    0.194214-316    0.956658E-03    0.302650+160
 457    0.149679E+01    0.313901E+02    0.113824E+00    0.000000E+00   -0.313516E+03    0.617220E-03   -0.199396E-04    0.187955-316    0.925830E-03    0.307647+160
 458    0.151082E+01    0.324207E+02    0.113851E+00    0.000000E+00   -0.313516E+03    0.597333E-03   -0.186798E-04    0.181900-316    0.896000E-03    0.312726+160
 459    0.152485E+01    0.334849E+02    0.113877E+00    0.000000E+00   -0.313516E+03    0.578093E-03   -0.174999E-04    0.176040-316    0.867139E-03    0.317888+160
 460    0.153888E+01    0.345842E+02    0.113902E+00    0.000000E+00   -0.313516E+03    0.559475E-03   -0.163946E-04    0.170371-316    0.839213E-03    0.323134+160
 461    0.155291E+01    0.357196E+02    0.113925E+00    0.000000E+00   -0.313516E+03    0.541461E-03   -0.153593E-04    0.164885-316    0.812191E-03    0.328465+160
 462    0.156693E+01    0.368921E+02    0.113947E+00    0.000000E+00   -0.313516E+03    0.524030E-03   -0.143895E-04    0.159577-316    0.786046E-03    0.333883+160
 463    0.158096E+01    0.381032E+02    0.113967E+00    0.000000E+00   -0.313516E+03    0.507164E-03   -0.134810E-04    0.154441-316    0.760746E-03    0.339390+160
 464    0.159499E+01    0.393541E+02    0.113986E+00    0.000000E+00   -0.313516E+03    0.490843E-03   -0.126299E-04    0.149471-316    0.736265E-03    0.344986+160
 465    0.160902E+01    0.406460E+02    0.114004E+00    0.000000E+00   -0.313516E+03    0.475052E-03   -0.118327E-04    0.144662-316    0.712578E-03    0.350673+160
 466    0.162305E+01    0.419803E+02    0.114021E+00    0.000000E+00   -0.313516E+03    0.459771E-03   -0.110858E-04    0.140009-316    0.689657E-03    0.356453+160
 467    0.163707E+01    0.433585E+02    0.114037E+00    0.000000E+00   -0.313516E+03    0.444985E-03   -0.103861E-04    0.135506-316    0.667477E-03    0.362326+160
 468    0.165110E+01    0.447819E+02    0.114052E+00    0.000000E+00   -0.313516E+03    0.430677E-03   -0.973048E-05    0.131149-316    0.646016E-03    0.368296+160
 469    0.166513E+01    0.462520E+02    0.114066E+00    0.000000E+00   -0.313516E+03    0.416832E-03   -0.911625E-05    0.126934-316    0.625249E-03    0.374362+160
 470    0.167916E+01    0.477703E+02    0.114080E+00    0.000000E+00   -0.313516E+03    0.403436E-03   -0.854070E-05    0.122854-316    0.605154E-03    0.380527+160
 471    0.169319E+01    0.493385E+02    0.114092E+00    0.000000E+00   -0.313516E+03    0.390473E-03   -0.800141E-05    0.118907-316    0.585710E-03    0.386792+160
 472    0.170721E+01    0.509582E+02    0.114104E+00    0.000000E+00   -0.313516E+03    0.377931E-03   -0.749609E-05    0.115087-316    0.566896E-03    0.393158+160
 473    0.172124E+01    0.526311E+02    0.114115E+00    0.000000E+00   -0.313516E+03    0.365794E-03   -0.702256E-05    0.111391-316    0.548692E-03    0.399626+160
 474    0.173527E+01    0.543588E+02    0.114126E+00    0.000000E+00   -0.313516E+03    0.354994E-03   -0.653611E-05    0.108103-316    0.532491E-03    0.405660+160
 475    0.174930E+01    0.561434E+02    0.114135E+00    0.000000E+00   -0.313516E+03    0.343704E-03   -0.612586E-05    0.104664-316    0.515555E-03    0.412269+160
 476    0.176333E+01    0.579865E+02    0.114144E+00    0.000000E+00   -0.313516E+03    0.331698E-03   -0.577327E-05    0.101008-316    0.497547E-03    0.419664+160
 477    0.177735E+01    0.598900E+02    0.114153E+00    0.000000E+00   -0.313516E+03    0.321062E-03   -0.540810E-05    0.977696-317    0.481593E-03    0.426558+160
 478    0.179138E+01    0.618561E+02    0.114161E+00    0.000000E+00   -0.313516E+03    0.310772E-03   -0.506586E-05    0.946360-317    0.466158E-03    0.433563+160
 479    0.180541E+01    0.638868E+02    0.114169E+00    0.000000E+00   -0.313516E+03    0.300817E-03   -0.474517E-05    0.916046-317    0.451225E-03    0.440678+160
 480    0.181944E+01    0.659840E+02    0.114176E+00    0.000000E+00   -0.313516E+03    0.291186E-03   -0.444469E-05    0.886719-317    0.436780E-03    0.447906+160
 481    0.183347E+01    0.681502E+02    0.114183E+00    0.000000E+00   -0.313516E+03    0.281869E-03   -0.416310E-05    0.858346-317    0.422804E-03    0.455249+160
 482    0.184750E+01    0.703874E+02    0.114189E+00    0.000000E+00   -0.313516E+03    0.272856E-03   -0.389930E-05    0.830899-317    0.409284E-03    0.462707+160
 483    0.186152E+01    0.726981E+02    0.114195E+00    0.000000E+00   -0.313516E+03    0.264137E-03   -0.365216E-05    0.804348-317    0.396206E-03    0.470282+160
 484    0.187555E+01    0.750846E+02    0.114200E+00    0.000000E+00   -0.313516E+03    0.255703E-03   -0.342065E-05    0.778665-317    0.383554E-03    0.477975+160
 485    0.188958E+01    0.775496E+02    0.114206E+00    0.000000E+00   -0.313516E+03    0.247544E-03   -0.320380E-05    0.753818-317    0.371315E-03    0.485788+160
 486    0.190361E+01    0.800954E+02    0.114211E+00    0.000000E+00   -0.313516E+03    0.239651E-03   -0.300072E-05    0.729783-317    0.359476E-03    0.493723+160
 487    0.191763E+01    0.827247E+02    0.114215E+00    0.000000E+00   -0.313516E+03    0.232016E-03   -0.281057E-05    0.706533-317    0.348024E-03    0.501781+160
 488    0.193166E+01    0.854404E+02    0.114220E+00    0.000000E+00   -0.313516E+03    0.224630E-03   -0.263254E-05    0.684041-317    0.336944E-03    0.509964+160
 489    0.194569E+01    0.882453E+02    0.114224E+00    0.000000E+00   -0.313516E+03    0.217484E-03   -0.246588E-05    0.662280-317    0.326226E-03    0.518274+160
 490    0.195972E+01    0.911421E+02    0.114227E+00    0.000000E+00   -0.313516E+03    0.210571E-03   -0.230990E-05    0.641229-317    0.315856E-03    0.526712+160
 491    0.197375E+01    0.941342E+02    0.114231E+00    0.000000E+00   -0.313516E+03    0.203882E-03   -0.216393E-05    0.620861-317    0.305823E-03    0.535282+160
 492    0.198778E+01    0.972245E+02    0.114234E+00    0.000000E+00   -0.313516E+03    0.197410E-03   -0.202736E-05    0.601152-317    0.296115E-03    0.543986+160
 493    0.200180E+01    0.100416E+03    0.114238E+00    0.000000E+00   -0.313516E+03    0.191148E-03   -0.189960E-05    0.582081-317    0.286721E-03    0.552826+160
 494    0.201583E+01    0.103713E+03    0.114241E+00    0.000000E+00   -0.313516E+03    0.185086E-03   -0.178009E-05    0.563624-317    0.277630E-03    0.561805+160
 495    0.202986E+01    0.107117E+03    0.114243E+00    0.000000E+00   -0.313516E+03    0.179220E-03   -0.166832E-05    0.545758-317    0.268829E-03    0.570926+160
 496    0.204389E+01    0.110634E+03    0.114246E+00    0.000000E+00   -0.313516E+03    0.173541E-03   -0.156380E-05    0.528464-317    0.260311E-03    0.580193+160
 497    0.205792E+01    0.114266E+03    0.114248E+00    0.000000E+00   -0.313516E+03    0.168042E-03   -0.146606E-05    0.511721-317    0.252063E-03    0.589608+160
 498    0.207194E+01    0.118017E+03    0.114251E+00    0.000000E+00   -0.313516E+03    0.162717E-03   -0.137466E-05    0.495506-317    0.244076E-03    0.599178+160
 499    0.208597E+01    0.121891E+03    0.114253E+00    0.000000E+00   -0.313516E+03    0.157560E-03   -0.128921E-05    0.479802-317    0.236341E-03    0.608904+160
 500    0.210000E+01    0.125893E+03    0.114255E+00    0.000000E+00   -0.313516E+03    0.152565E-03   -0.120930E-05    0.464589-317    0.228847E-03    0.618793+160
