   1    0.100000E-01    0.500000E-02    0.387413E-05    0.418722E-02    0.116224E+02    0.486655E-01    0.628083E-02   -0.433292E+01    0.604602E+02
   2    0.106376E-01    0.103188E-01    0.451240E-05    0.594645E-02    0.939780E+01    0.558836E-01    0.891968E-02    0.370181E-03    0.564207E+02
   3    0.113160E-01    0.109768E-01    0.525516E-05    0.612441E-02    0.908512E+01    0.556410E-01    0.918662E-02    0.365727E-03    0.565435E+02
   4    0.120375E-01    0.116767E-01    0.611935E-05    0.630714E-02    0.878121E+01    0.553843E-01    0.946070E-02    0.360997E-03    0.566744E+02
   5    0.128051E-01    0.124213E-01    0.712462E-05    0.649469E-02    0.848581E+01    0.551127E-01    0.974204E-02    0.355973E-03    0.568138E+02
   6    0.136216E-01    0.132133E-01    0.829377E-05    0.668716E-02    0.819863E+01    0.548255E-01    0.100307E-01    0.350637E-03    0.569625E+02
   7    0.144902E-01    0.140559E-01    0.965320E-05    0.688459E-02    0.791942E+01    0.545219E-01    0.103269E-01    0.344970E-03    0.571208E+02
   8    0.154141E-01    0.149522E-01    0.112335E-04    0.708704E-02    0.764792E+01    0.542011E-01    0.106306E-01    0.338954E-03    0.572897E+02
   9    0.163970E-01    0.159056E-01    0.130702E-04    0.729456E-02    0.738388E+01    0.538622E-01    0.109418E-01    0.332566E-03    0.574696E+02
  10    0.174426E-01    0.169198E-01    0.152041E-04    0.750720E-02    0.712707E+01    0.535043E-01    0.112608E-01    0.325784E-03    0.576615E+02
  11    0.185548E-01    0.179987E-01    0.176828E-04    0.772499E-02    0.687725E+01    0.531267E-01    0.115875E-01    0.318587E-03    0.578661E+02
  12    0.197379E-01    0.191464E-01    0.205611E-04    0.794795E-02    0.663420E+01    0.527283E-01    0.119219E-01    0.310948E-03    0.580842E+02
  13    0.209965E-01    0.203672E-01    0.239024E-04    0.817609E-02    0.639772E+01    0.523083E-01    0.122641E-01    0.302842E-03    0.583169E+02
  14    0.223354E-01    0.216660E-01    0.277798E-04    0.840941E-02    0.616759E+01    0.518658E-01    0.126141E-01    0.294242E-03    0.585652E+02
  15    0.237596E-01    0.230475E-01    0.322777E-04    0.864790E-02    0.594362E+01    0.513998E-01    0.129719E-01    0.285120E-03    0.588301E+02
  16    0.252746E-01    0.245171E-01    0.374935E-04    0.889153E-02    0.572560E+01    0.509094E-01    0.133373E-01    0.275444E-03    0.591128E+02
  17    0.268862E-01    0.260804E-01    0.435392E-04    0.914025E-02    0.551337E+01    0.503936E-01    0.137104E-01    0.265184E-03    0.594145E+02
  18    0.286006E-01    0.277434E-01    0.505441E-04    0.939400E-02    0.530675E+01    0.498516E-01    0.140910E-01    0.254307E-03    0.597366E+02
  19    0.304244E-01    0.295125E-01    0.586565E-04    0.965269E-02    0.510556E+01    0.492823E-01    0.144790E-01    0.242776E-03    0.600806E+02
  20    0.323644E-01    0.313944E-01    0.680471E-04    0.991622E-02    0.490964E+01    0.486850E-01    0.148743E-01    0.230557E-03    0.604481E+02
  21    0.344281E-01    0.333962E-01    0.789118E-04    0.101844E-01    0.471884E+01    0.480588E-01    0.152767E-01    0.217611E-03    0.608406E+02
  22    0.366234E-01    0.355257E-01    0.914752E-04    0.104572E-01    0.453303E+01    0.474028E-01    0.156858E-01    0.203898E-03    0.612601E+02
  23    0.389587E-01    0.377910E-01    0.105995E-03    0.107344E-01    0.435204E+01    0.467164E-01    0.161015E-01    0.189376E-03    0.617086E+02
  24    0.414429E-01    0.402008E-01    0.122764E-03    0.110156E-01    0.417576E+01    0.459987E-01    0.165234E-01    0.174003E-03    0.621881E+02
  25    0.440855E-01    0.427642E-01    0.142121E-03    0.113008E-01    0.400406E+01    0.452492E-01    0.169512E-01    0.157731E-03    0.627011E+02
  26    0.468966E-01    0.454910E-01    0.164448E-03    0.115896E-01    0.383683E+01    0.444673E-01    0.173844E-01    0.140516E-03    0.632499E+02
  27    0.498869E-01    0.483917E-01    0.190184E-03    0.118817E-01    0.367394E+01    0.436526E-01    0.178225E-01    0.122307E-03    0.638374E+02
  28    0.530679E-01    0.514774E-01    0.219826E-03    0.121767E-01    0.351531E+01    0.428049E-01    0.182651E-01    0.103054E-03    0.644664E+02
  29    0.564518E-01    0.547599E-01    0.253939E-03    0.124742E-01    0.336084E+01    0.419239E-01    0.187114E-01    0.827049E-04    0.651402E+02
  30    0.600514E-01    0.582516E-01    0.293165E-03    0.127739E-01    0.321043E+01    0.410096E-01    0.191608E-01    0.612050E-04    0.658623E+02
  31    0.638806E-01    0.619660E-01    0.338230E-03    0.130751E-01    0.306401E+01    0.400623E-01    0.196127E-01    0.384987E-04    0.666365E+02
  32    0.679540E-01    0.659173E-01    0.389955E-03    0.133774E-01    0.292151E+01    0.390821E-01    0.200661E-01    0.145284E-04    0.674670E+02
  33    0.722870E-01    0.701205E-01    0.449263E-03    0.136801E-01    0.278285E+01    0.380697E-01    0.205201E-01   -0.107647E-04    0.683582E+02
  34    0.768964E-01    0.745917E-01    0.517195E-03    0.139826E-01    0.264799E+01    0.370259E-01    0.209739E-01   -0.374411E-04    0.693151E+02
  35    0.817997E-01    0.793480E-01    0.594920E-03    0.142843E-01    0.251686E+01    0.359515E-01    0.214264E-01   -0.655623E-04    0.703431E+02
  36    0.870156E-01    0.844077E-01    0.683744E-03    0.145843E-01    0.238943E+01    0.348481E-01    0.218764E-01   -0.951910E-04    0.714481E+02
  37    0.925642E-01    0.897899E-01    0.785126E-03    0.148818E-01    0.226565E+01    0.337169E-01    0.223227E-01   -0.126391E-03    0.726367E+02
  38    0.984665E-01    0.955153E-01    0.900693E-03    0.151760E-01    0.214549E+01    0.325599E-01    0.227640E-01   -0.159225E-03    0.739160E+02
  39    0.104745E+00    0.101606E+00    0.103225E-02    0.154660E-01    0.202892E+01    0.313792E-01    0.231990E-01   -0.193760E-03    0.752938E+02
  40    0.111424E+00    0.108085E+00    0.118179E-02    0.157507E-01    0.191592E+01    0.301771E-01    0.236260E-01   -0.230059E-03    0.767788E+02
  41    0.118529E+00    0.114977E+00    0.135152E-02    0.160291E-01    0.180649E+01    0.289564E-01    0.240437E-01   -0.268187E-03    0.783805E+02
  42    0.126087E+00    0.122308E+00    0.154385E-02    0.163002E-01    0.170059E+01    0.277200E-01    0.244503E-01   -0.308208E-03    0.801094E+02
  43    0.134127E+00    0.130107E+00    0.176144E-02    0.165628E-01    0.159823E+01    0.264712E-01    0.248442E-01   -0.350184E-03    0.819773E+02
  44    0.142680E+00    0.138403E+00    0.200717E-02    0.168157E-01    0.149941E+01    0.252135E-01    0.252235E-01   -0.394178E-03    0.839969E+02
  45    0.151778E+00    0.147229E+00    0.228416E-02    0.170576E-01    0.140411E+01    0.239508E-01    0.255865E-01   -0.440248E-03    0.861827E+02
  46    0.161456E+00    0.156617E+00    0.259580E-02    0.172874E-01    0.131234E+01    0.226870E-01    0.259312E-01   -0.488454E-03    0.885506E+02
  47    0.171751E+00    0.166603E+00    0.294571E-02    0.175038E-01    0.122411E+01    0.214265E-01    0.262557E-01   -0.538848E-03    0.911182E+02
  48    0.182703E+00    0.177227E+00    0.333777E-02    0.177053E-01    0.113940E+01    0.201735E-01    0.265580E-01   -0.591482E-03    0.939052E+02
  49    0.194353E+00    0.188528E+00    0.377609E-02    0.178908E-01    0.105823E+01    0.189325E-01    0.268362E-01   -0.646403E-03    0.969339E+02
  50    0.206746E+00    0.200549E+00    0.426501E-02    0.180589E-01    0.980585E+00    0.177083E-01    0.270883E-01   -0.703655E-03    0.100229E+03
  51    0.219929E+00    0.213337E+00    0.480907E-02    0.182082E-01    0.906468E+00    0.165052E-01    0.273123E-01   -0.763307E-03    0.103817E+03
  52    0.233952E+00    0.226941E+00    0.541296E-02    0.183376E-01    0.835868E+00    0.153278E-01    0.275064E-01   -0.825289E-03    0.107731E+03
  53    0.248870E+00    0.241411E+00    0.608155E-02    0.184457E-01    0.768772E+00    0.141805E-01    0.276685E-01   -0.889731E-03    0.112004E+03
  54    0.264740E+00    0.256805E+00    0.681977E-02    0.185314E-01    0.705159E+00    0.130676E-01    0.277971E-01   -0.956615E-03    0.116676E+03
  55    0.281621E+00    0.273180E+00    0.763260E-02    0.185936E-01    0.645006E+00    0.119930E-01    0.278904E-01   -0.102595E-02    0.121791E+03
  56    0.299578E+00    0.290599E+00    0.852500E-02    0.186312E-01    0.588276E+00    0.109603E-01    0.279468E-01   -0.109775E-02    0.127400E+03
  57    0.318681E+00    0.309129E+00    0.950180E-02    0.186433E-01    0.534930E+00    0.997288E-02    0.279650E-01   -0.117199E-02    0.133558E+03
  58    0.339001E+00    0.328841E+00    0.105677E-01    0.186292E-01    0.484915E+00    0.903356E-02    0.279437E-01   -0.124867E-02    0.140330E+03
  59    0.360618E+00    0.349809E+00    0.117271E-01    0.185880E-01    0.438172E+00    0.814474E-02    0.278820E-01   -0.132776E-02    0.147789E+03
  60    0.383612E+00    0.372115E+00    0.129840E-01    0.185193E-01    0.394630E+00    0.730828E-02    0.277790E-01   -0.140922E-02    0.156017E+03
  61    0.408073E+00    0.395843E+00    0.143421E-01    0.184228E-01    0.354210E+00    0.652552E-02    0.276341E-01   -0.149302E-02    0.165110E+03
  62    0.434094E+00    0.421084E+00    0.158043E-01    0.182981E-01    0.316821E+00    0.579723E-02    0.274472E-01   -0.157909E-02    0.175174E+03
  63    0.461774E+00    0.447934E+00    0.173730E-01    0.181454E-01    0.282366E+00    0.512363E-02    0.272181E-01   -0.166742E-02    0.186334E+03
  64    0.491219E+00    0.476497E+00    0.190498E-01    0.179647E-01    0.250735E+00    0.450438E-02    0.269471E-01   -0.175780E-02    0.198730E+03
  65    0.522542E+00    0.506880E+00    0.208354E-01    0.177565E-01    0.221813E+00    0.393862E-02    0.266348E-01   -0.185027E-02    0.212524E+03
  66    0.555861E+00    0.539201E+00    0.227297E-01    0.175214E-01    0.195475E+00    0.342499E-02    0.262821E-01   -0.194471E-02    0.227903E+03
  67    0.591306E+00    0.573584E+00    0.247313E-01    0.172600E-01    0.171593E+00    0.296169E-02    0.258901E-01   -0.204100E-02    0.245081E+03
  68    0.629010E+00    0.610158E+00    0.268379E-01    0.169735E-01    0.150029E+00    0.254652E-02    0.254602E-01   -0.213907E-02    0.264306E+03
  69    0.669119E+00    0.649065E+00    0.290462E-01    0.166629E-01    0.130647E+00    0.217695E-02    0.249943E-01   -0.223867E-02    0.285862E+03
  70    0.711785E+00    0.690452E+00    0.313515E-01    0.163295E-01    0.113302E+00    0.185017E-02    0.244943E-01   -0.233985E-02    0.310080E+03
  71    0.757172E+00    0.734479E+00    0.337481E-01    0.159750E-01    0.978532E-01    0.156321E-02    0.239625E-01   -0.244230E-02    0.337343E+03
  72    0.805453E+00    0.781313E+00    0.362293E-01    0.156009E-01    0.841570E-01    0.131293E-02    0.234014E-01   -0.254604E-02    0.368095E+03
  73    0.856813E+00    0.831133E+00    0.387871E-01    0.152091E-01    0.720722E-01    0.109615E-02    0.228136E-01   -0.265448E-02    0.402851E+03
  74    0.911447E+00    0.884130E+00    0.414127E-01    0.148014E-01    0.614605E-01    0.909699E-03    0.222021E-01   -0.275350E-02    0.442213E+03
  75    0.969566E+00    0.940506E+00    0.440965E-01    0.143798E-01    0.521873E-01    0.750441E-03    0.215697E-01   -0.286302E-02    0.486880E+03
  76    0.103139E+01    0.100048E+01    0.468278E-01    0.139463E-01    0.441234E-01    0.615360E-03    0.209195E-01   -0.297009E-02    0.537669E+03
  77    0.109716E+01    0.106427E+01    0.495958E-01    0.135032E-01    0.371457E-01    0.501584E-03    0.202547E-01   -0.307762E-02    0.595536E+03
  78    0.116712E+01    0.113214E+01    0.523888E-01    0.130523E-01    0.311375E-01    0.406417E-03    0.195785E-01   -0.318541E-02    0.661598E+03
  79    0.124154E+01    0.120433E+01    0.551950E-01    0.125960E-01    0.259897E-01    0.327364E-03    0.188939E-01   -0.329334E-02    0.737165E+03
  80    0.132070E+01    0.128112E+01    0.580025E-01    0.121361E-01    0.216007E-01    0.262147E-03    0.182041E-01   -0.340127E-02    0.823773E+03
  81    0.140492E+01    0.136281E+01    0.607995E-01    0.116747E-01    0.178771E-01    0.208709E-03    0.175120E-01   -0.350899E-02    0.923229E+03
  82    0.149450E+01    0.144971E+01    0.635744E-01    0.112137E-01    0.147334E-01    0.165217E-03    0.168206E-01   -0.361641E-02    0.103766E+04
  83    0.158980E+01    0.154215E+01    0.663158E-01    0.107550E-01    0.120923E-01    0.130053E-03    0.161325E-01   -0.372333E-02    0.116956E+04
  84    0.169117E+01    0.164049E+01    0.690131E-01    0.103003E-01    0.988395E-02    0.101807E-03    0.154504E-01   -0.383227E-02    0.132188E+04
  85    0.179901E+01    0.174509E+01    0.716564E-01    0.985109E-02    0.804632E-02    0.792651E-04    0.147766E-01   -0.393307E-02    0.149809E+04
  86    0.191372E+01    0.185637E+01    0.742364E-01    0.940893E-02    0.652432E-02    0.613868E-04    0.141134E-01   -0.403995E-02    0.170233E+04
  87    0.203575E+01    0.197474E+01    0.767448E-01    0.897511E-02    0.526956E-02    0.472949E-04    0.134627E-01   -0.414362E-02    0.193943E+04
  88    0.216556E+01    0.210066E+01    0.791742E-01    0.855079E-02    0.423982E-02    0.362538E-04    0.128262E-01   -0.424615E-02    0.221515E+04
  89    0.230365E+01    0.223460E+01    0.815183E-01    0.813702E-02    0.339852E-02    0.276538E-04    0.122055E-01   -0.434742E-02    0.253631E+04
  90    0.245054E+01    0.237709E+01    0.837718E-01    0.773466E-02    0.271417E-02    0.209932E-04    0.116020E-01   -0.444734E-02    0.291099E+04
  91    0.260680E+01    0.252867E+01    0.859305E-01    0.734445E-02    0.215987E-02    0.158631E-04    0.110167E-01   -0.454578E-02    0.334878E+04
  92    0.277302E+01    0.268991E+01    0.879912E-01    0.696699E-02    0.171279E-02    0.119330E-04    0.104505E-01   -0.464268E-02    0.386106E+04
  93    0.294984E+01    0.286143E+01    0.899516E-01    0.660272E-02    0.135364E-02    0.893770E-05    0.990409E-02   -0.473790E-02    0.446136E+04
  94    0.313794E+01    0.304389E+01    0.918104E-01    0.625200E-02    0.106628E-02    0.666636E-05    0.937801E-02   -0.483141E-02    0.516578E+04
  95    0.333803E+01    0.323798E+01    0.935674E-01    0.591504E-02    0.837232E-03    0.495226E-05    0.887256E-02   -0.492645E-02    0.599347E+04
  96    0.355088E+01    0.344445E+01    0.952229E-01    0.559195E-02    0.655354E-03    0.366471E-05    0.838792E-02   -0.501016E-02    0.696723E+04
  97    0.377730E+01    0.366409E+01    0.967781E-01    0.528274E-02    0.511450E-03    0.270186E-05    0.792411E-02   -0.510088E-02    0.811426E+04
  98    0.401816E+01    0.389773E+01    0.982349E-01    0.498734E-02    0.397991E-03    0.198491E-05    0.748100E-02   -0.518676E-02    0.946693E+04
  99    0.427437E+01    0.414627E+01    0.995957E-01    0.470559E-02    0.308837E-03    0.145326E-05    0.705838E-02   -0.527059E-02    0.110639E+05
 100    0.454693E+01    0.441065E+01    0.100863E+00    0.443728E-02    0.239010E-03    0.106055E-05    0.665592E-02   -0.535234E-02    0.129513E+05
 101    0.483686E+01    0.469190E+01    0.102041E+00    0.418213E-02    0.184492E-03    0.771568E-06    0.627320E-02   -0.543195E-02    0.151842E+05
 102    0.514528E+01    0.499107E+01    0.103133E+00    0.393982E-02    0.142055E-03    0.559670E-06    0.590973E-02   -0.550942E-02    0.178285E+05
 103    0.547337E+01    0.530933E+01    0.104143E+00    0.370998E-02    0.109118E-03    0.404825E-06    0.556497E-02   -0.558473E-02    0.209627E+05
 104    0.582238E+01    0.564788E+01    0.105074E+00    0.349221E-02    0.836256E-04    0.292039E-06    0.523832E-02   -0.565785E-02    0.246808E+05
 105    0.619364E+01    0.600801E+01    0.105931E+00    0.328610E-02    0.639482E-04    0.210140E-06    0.492915E-02   -0.572879E-02    0.290955E+05
 106    0.658858E+01    0.639111E+01    0.106719E+00    0.309121E-02    0.487981E-04    0.150845E-06    0.463681E-02   -0.580424E-02    0.343411E+05
 107    0.700870E+01    0.679864E+01    0.107440E+00    0.290707E-02    0.371625E-04    0.108034E-06    0.436061E-02   -0.585865E-02    0.405788E+05
 108    0.745561E+01    0.723216E+01    0.108101E+00    0.273325E-02    0.282468E-04    0.772055E-07    0.409987E-02   -0.592876E-02    0.480016E+05
 109    0.793102E+01    0.769331E+01    0.108704E+00    0.256927E-02    0.214307E-04    0.550614E-07    0.385391E-02   -0.599091E-02    0.568403E+05
 110    0.843674E+01    0.818388E+01    0.109254E+00    0.241468E-02    0.162309E-04    0.391926E-07    0.362203E-02   -0.605077E-02    0.673718E+05
 111    0.897470E+01    0.870572E+01    0.109755E+00    0.226903E-02    0.122723E-04    0.278462E-07    0.340355E-02   -0.609865E-02    0.799276E+05
 112    0.954697E+01    0.926084E+01    0.110209E+00    0.213187E-02    0.926439E-05    0.197504E-07    0.319780E-02   -0.616255E-02    0.949056E+05
 113    0.101557E+02    0.985136E+01    0.110622E+00    0.200276E-02    0.698313E-05    0.139855E-07    0.300414E-02   -0.621586E-02    0.112782E+06
 114    0.108033E+02    0.104795E+02    0.110996E+00    0.188129E-02    0.525604E-05    0.988811E-08    0.282193E-02   -0.626708E-02    0.134129E+06
 115    0.114922E+02    0.111478E+02    0.111334E+00    0.176704E-02    0.395069E-05    0.698101E-08    0.265055E-02   -0.631625E-02    0.159632E+06
 116    0.122250E+02    0.118586E+02    0.111640E+00    0.165961E-02    0.296566E-05    0.492186E-08    0.248942E-02   -0.636341E-02    0.190115E+06
 117    0.130045E+02    0.126147E+02    0.111916E+00    0.155864E-02    0.222349E-05    0.346562E-08    0.233796E-02   -0.644282E-02    0.226563E+06
 118    0.138337E+02    0.134191E+02    0.112165E+00    0.146377E-02    0.166510E-05    0.243733E-08    0.219566E-02   -0.645529E-02    0.270161E+06
 119    0.147158E+02    0.142748E+02    0.112389E+00    0.137462E-02    0.124556E-05    0.171217E-08    0.206193E-02   -0.644885E-02    0.322334E+06
 120    0.156542E+02    0.151850E+02    0.112590E+00    0.129086E-02    0.930736E-06    0.120145E-08    0.193630E-02   -0.650262E-02    0.384793E+06
 121    0.166524E+02    0.161533E+02    0.112771E+00    0.121219E-02    0.694796E-06    0.842227E-09    0.181829E-02   -0.653673E-02    0.459585E+06
 122    0.177142E+02    0.171833E+02    0.112934E+00    0.113831E-02    0.518177E-06    0.589844E-09    0.170746E-02   -0.667541E-02    0.549176E+06
 123    0.188438E+02    0.182790E+02    0.113079E+00    0.106897E-02    0.386109E-06    0.412738E-09    0.160345E-02   -0.664150E-02    0.656512E+06
 124    0.200453E+02    0.194446E+02    0.113210E+00    0.100384E-02    0.287458E-06    0.288562E-09    0.150576E-02   -0.667341E-02    0.785165E+06
 125    0.213235E+02    0.206844E+02    0.113327E+00    0.942691E-03    0.213841E-06    0.201586E-09    0.141404E-02   -0.670314E-02    0.939398E+06
 126    0.226832E+02    0.220034E+02    0.113432E+00    0.885284E-03    0.158957E-06    0.140722E-09    0.132793E-02   -0.673058E-02    0.112434E+07
 127    0.241296E+02    0.234064E+02    0.113525E+00    0.831390E-03    0.118074E-06    0.981660E-10    0.124709E-02   -0.675563E-02    0.134617E+07
 128    0.256682E+02    0.248989E+02    0.113609E+00    0.780795E-03    0.876473E-07    0.684346E-10    0.117119E-02   -0.677830E-02    0.161229E+07
 129    0.273050E+02    0.264866E+02    0.113684E+00    0.733297E-03    0.650195E-07    0.476787E-10    0.109995E-02   -0.689168E-02    0.193160E+07
 130    0.290461E+02    0.281755E+02    0.113750E+00    0.688706E-03    0.482061E-07    0.331998E-10    0.103306E-02   -0.674233E-02    0.231479E+07
 131    0.308982E+02    0.299721E+02    0.113810E+00    0.646843E-03    0.357178E-07    0.231038E-10    0.970265E-03   -0.684026E-02    0.277484E+07
 132    0.328684E+02    0.318833E+02    0.113863E+00    0.607541E-03    0.264513E-07    0.160703E-10    0.911312E-03   -0.686019E-02    0.332712E+07
 133    0.349642E+02    0.339163E+02    0.113910E+00    0.570642E-03    0.195790E-07    0.111726E-10    0.855962E-03   -0.687821E-02    0.399028E+07
 134    0.371937E+02    0.360790E+02    0.113952E+00    0.535996E-03    0.144852E-07    0.776399E-11    0.803994E-03   -0.690388E-02    0.478672E+07
 135    0.395654E+02    0.383796E+02    0.113989E+00    0.503466E-03    0.107118E-07    0.539302E-11    0.755199E-03   -0.693389E-02    0.574334E+07
 136    0.420883E+02    0.408268E+02    0.114023E+00    0.472922E-03    0.791798E-08    0.374459E-11    0.709383E-03   -0.697218E-02    0.689252E+07
 137    0.447720E+02    0.434301E+02    0.114052E+00    0.444242E-03    0.585051E-08    0.259904E-11    0.666363E-03   -0.702125E-02    0.827320E+07
 138    0.476269E+02    0.461995E+02    0.114079E+00    0.417312E-03    0.432124E-08    0.180330E-11    0.625967E-03   -0.708341E-02    0.993220E+07
 139    0.506638E+02    0.491454E+02    0.114102E+00    0.392025E-03    0.319058E-08    0.125079E-11    0.588038E-03   -0.716115E-02    0.119258E+08
 140    0.538944E+02    0.522791E+02    0.114123E+00    0.368283E-03    0.235497E-08    0.867296E-12    0.552424E-03   -0.136961E-01    0.143218E+08
 141    0.573310E+02    0.556127E+02    0.114141E+00    0.346985E-03    0.173767E-08    0.602946E-12    0.520478E-03    0.191120E-02    0.171767E+08
 142    0.609867E+02    0.591588E+02    0.114158E+00    0.325065E-03    0.128181E-08    0.416673E-12    0.487598E-03   -0.954526E-02    0.206625E+08
 143    0.648755E+02    0.629311E+02    0.114172E+00    0.305421E-03    0.946018E-09    0.288934E-12    0.458131E-03   -0.595395E-02    0.248131E+08
 144    0.690122E+02    0.669439E+02    0.114185E+00    0.286982E-03    0.697043E-09    0.200039E-12    0.430474E-03   -0.805861E-02    0.298210E+08
 145    0.734128E+02    0.712125E+02    0.114197E+00    0.269677E-03    0.513859E-09    0.138576E-12    0.404515E-03    0.631082E-03    0.358291E+08
 146    0.780940E+02    0.757534E+02    0.114207E+00    0.253436E-03    0.377484E-09    0.956681E-13    0.380154E-03   -0.144604E-01    0.431218E+08
 147    0.830736E+02    0.805838E+02    0.114216E+00    0.238194E-03    0.278822E-09    0.664137E-13    0.357291E-03   -0.753270E-02    0.517549E+08
 148    0.883708E+02    0.857222E+02    0.114224E+00    0.223890E-03    0.205371E-09    0.459806E-13    0.335835E-03   -0.741441E-02    0.622003E+08
 149    0.940057E+02    0.911883E+02    0.114231E+00    0.210464E-03    0.151241E-09    0.318309E-13    0.315697E-03   -0.721994E-02    0.747577E+08
