           1  -1.6869208147421779       -1.9879508104061592        4.9340754158181852E-005   16.388603444295324        4.2698522564162157E-002  0.29529196462928964        15.944200854057581     
           2  -1.6683562949060917       -1.6775393666077192        5.4948311171684085E-005   15.540636417935222        4.3742020438231416E-002  0.30766761179237195        16.176938500696846     
           3  -1.6504505639903719       -1.6593111555111155        6.1189783475984610E-005   15.470770008605374        4.3831861279701123E-002  0.30874015200963428        16.196800489179672     
           4  -1.6329798922060081       -1.6416273833848360        6.8137709223710144E-005   15.398960196437820        4.3924590325852608E-002  0.30985231395572665        16.217376376142127     
           5  -1.6158060911286165       -1.6243081068021095        7.5871406269843931E-005   15.324395322833231        4.4021310709228358E-002  0.31101774513311076        16.238914527347017     
           6  -1.5988453356833530       -1.6072429213840738        8.4478969949034217E-005   15.246473974091549        4.4122876065099660E-002  0.31224728910896038        16.261609916138749     
           7  -1.5820566385001538       -1.5903698662117522        9.4053355316798528E-005   15.164756470627101        4.4229949881685326E-002  0.31354966128588496        16.285616746033611     
           8  -1.5653887873509096       -1.5736427555968568        1.0471254452820816E-004   15.078839759279623        4.4343167703078064E-002  0.31493339640091206        16.311084361642241     
           9  -1.5488357303941838       -1.5570333990429934        1.1656704710366766E-004   14.988379239271341        4.4463108610339336E-002  0.31640651361401884        16.338151017217054     
          10  -1.5323587305825603       -1.5405190936328708        1.2976215766879255E-004   14.893038808055739        4.4590362916681121E-002  0.31797734242087689        16.366958827918744     
          11  -1.5159553239815999       -1.5240795868105577        1.4443457840648889E-004   14.792475333428881        4.4725554698196501E-002  0.31965483548756568        16.397659327328313     
          12  -1.4995906689783332       -1.5076959214471650        1.6076257275145767E-004   14.686337616220428        4.4869347485297029E-002  0.32144865678030543        16.430414631140430     
          13  -1.4832630254332102       -1.4913501203948754        1.7891561706495008E-004   14.574262884089769        4.5022452172604664E-002  0.32336933120315370        16.465399857916402     
          14  -1.4669420576545351       -1.4750258774579403        1.9911170646267029E-004   14.455887548342893        4.5185617771577827E-002  0.32542815699493660        16.502800945308628     
          15  -1.4506271889504050       -1.4587080165005333        2.2156128572587536E-004   14.330842927755654        4.5359641051228354E-002  0.32763739137186598        16.542817607750198     
          16  -1.4342990693143693       -1.4423863978471991        2.4652174520531345E-004   14.198794197527294        4.5545317938981540E-002  0.33000967053064884        16.585652152681913     
          17  -1.4179410374846291       -1.4260430407386631        2.7427978619505073E-004   14.059337764611000        4.5743592727996885E-002  0.33255999095342426        16.631544648944796     
          18  -1.4015547112341096       -1.4096705950669688        3.0512516515219482E-004   13.912155443177905        4.5955347033494007E-002  0.33530308829734062        16.680724833956315     
          19  -1.3851258102002626       -1.3932625793545610        3.3940688374415565E-004   13.756948409866919        4.6181497117400022E-002  0.33825473714465748        16.733434797851398     
          20  -1.3686466426612405       -1.3768080690156355        3.7750221597641545E-004   13.593386292803647        4.6423074498653273E-002  0.34143291945286480        16.789948922471947     
          21  -1.3521057180035501       -1.3602974360516038        4.1984040518327939E-004   13.421162891066723        4.6681154228164393E-002  0.34485701103403055        16.850558019940522     
          22  -1.3355056474796685       -1.3437263743519061        4.6686204582763755E-004   13.240046772017489        4.6956783832720374E-002  0.34854696780605854        16.915553872192191     
          23  -1.3188357056207451       -1.3270906991628235        5.1908944786017357E-004   13.049840926659362        4.7251048517942908E-002  0.35252429858480189        16.985245173956720     
          24  -1.3020901892796275       -1.3103822432965657        5.7708815925707705E-004   12.850336178764158        4.7565150283402871E-002  0.35681333275949267        17.059978232409176     
          25  -1.2852598884895150       -1.2935935154847800        6.4149744584227888E-004   12.641367464890640        4.7900331162473810E-002  0.36144039337909639        17.140120395777885     
          26  -1.2683461109673639       -1.2767206656773302        7.1298351454863952E-004   12.422859283977466        4.8257803840789641E-002  0.36643306667097814        17.226045666323184     
          27  -1.2513398150620443       -1.2597597258230679        7.9232209635646494E-004   12.194791455483472        4.8638809433291075E-002  0.37182120523695211        17.318150010917606     
          28  -1.2342352934876246       -1.2427033528390461        8.8035683137574114E-004   11.957156823567848        4.9044692794787778E-002  0.37763832743677023        17.416872882198220     
          29  -1.2170268967885838       -1.2255458679596023        9.7801809333177372E-004   11.710033972685622        4.9476786507360843E-002  0.38392032329276704        17.522672102549219     
          30  -1.1997060998199442       -1.2082801542051582        1.0863497648016330E-003   11.453550106854657        4.9936475354866568E-002  0.39070677053235253        17.636043089208759     
          31  -1.1822722648274191       -1.1909017076349029        1.2064519003941669E-003   11.187945207024852        5.0425079626457529E-002  0.39803968411671919        17.757494642781829     
          32  -1.1647168144811675       -1.1734058403762215        1.3395864329956673E-003   10.913538919789492        5.0943906897529825E-002  0.40596470240744054        17.887565178268051     
          33  -1.1470336933045471       -1.1557852598940099        1.4871264694576621E-003   10.630692667685002        5.1494315935192297E-002  0.41453269555080685        18.026845058180772     
          34  -1.1292167707506364       -1.1380338710721525        1.6505833078067455E-003   10.339870948375124        5.2077592102588950E-002  0.42379851811397901        18.175951158366491     
          35  -1.1112582117455467       -1.1201446720666601        1.8316365290212656E-003   10.041608819178464        5.2694993092597654E-002  0.43382245235482553        18.335545221978631     
          36  -1.0931554112194319       -1.1021124953909731        2.0320782141062910E-003   9.7365564209546616        5.3347633212623272E-002  0.44466918751268758        18.506312154920554     
          37  -1.0749007354731750       -1.0839321681850889        2.2539287840002797E-003   9.4254473102439160        5.4036516940479243E-002  0.45640916436516349        18.688975521049247     
          38  -1.0564882957013866       -1.0655969456878940        2.4993888245647329E-003   9.1090657268407096        5.4762575823301601E-002  0.46912030446984904        18.884317884402563     
          39  -1.0379123442495481       -1.0471010095749880        2.7708721298777710E-003   8.7882827019022365        5.5526550532854518E-002  0.48288713346283635        19.093159353794459     
          40  -1.0191676492282569       -1.0284388740167574        3.0710194097225336E-003   8.4640374761993407        5.6328981209178543E-002  0.49780181319096894        19.316365614059983     
          41  -1.0002491283510317       -1.0096053820304578        3.4027238556643379E-003   8.1373267699148677        5.7170176928109835E-002  0.51396491738907768        19.554850847835421     
          42 -0.98115107643142152      -0.99059513150808243        3.7691700561390019E-003   7.8091822943706903        5.8050212553016158E-002  0.53148686004821888        19.809589061126395     
          43 -0.96187165560570431      -0.97140439207402174        4.1737706892082957E-003   7.4806897264902226        5.8968809029574187E-002  0.55048714231509832        20.081592716339795     
          44 -0.94240626329016197      -0.95202991195756570        4.6203156022830427E-003   7.1529518422379468        5.9925360185260394E-002  0.57109633399159832        20.371930080110211     
          45 -0.92275207327561337      -0.93246799538015124        5.1129141673248403E-003   6.8270566750342754        6.0918952430620552E-002  0.59345839615322027        20.681745360781552     
          46 -0.90290694729385068      -0.91271616703993907        5.6560420567750812E-003   6.5040888683090357        6.1948266131786354E-002  0.61773037319905066        21.012239535326792     
          47 -0.88286958522216830      -0.89277271670300573        6.2545657568274611E-003   6.1851048537643969        6.3011581520835330E-002  0.64408434516383806        21.364681890711076     
          48 -0.86263952127258015      -0.87263677069740675        6.9137716212976773E-003   5.8711176892626451        6.4106767134408382E-002  0.67270905847798301        21.740414642236470     
          49 -0.84221715057084134      -0.85230830365662669        7.6393951088414057E-003   5.5630821656490781        6.5231279261034572E-002  0.70381185490467713        22.140859142437574     
          50 -0.82160379568098607      -0.83178818556009559        8.4376489256956320E-003   5.2618822399122971        6.6382168099824015E-002  0.73762080751165082        22.567522049479486     
          51 -0.80080099933293936      -0.81107785212698158        9.3152837006092813E-003   4.9683153079444180        6.7556114916816762E-002  0.77438782637574377        23.022010419766620     
          52 -0.77981322042056944      -0.79018033990115166        1.0279504384419264E-002   4.6830986696590111        6.8749396107410071E-002  0.81438965444553657        23.506017552285790     
          53 -0.75864378779758479      -0.76909953041248713        1.1338166921953498E-002   4.4068516720772886        6.9957966590047882E-002  0.85793221967760691        24.021346545420119     
          54 -0.73729747973080728      -0.74783949607240430        1.2499703176711398E-002   4.1400852623646660        7.1177531783709669E-002  0.90535572628140781        24.569937370582657     
          55 -0.71577984847891285      -0.72640541318778984        1.3773175159422524E-002   3.8832140513463305        7.2403544287845706E-002  0.95703706180317116        25.153856308497804     
          56 -0.69409706645357361      -0.70480315347471256        1.5168309084016108E-002   3.6365532473161335        7.3631275018306408E-002   1.0133953065176686        25.775317171520427     
          57 -0.67225593657833682      -0.68303921428596837        1.6695518132070250E-002   3.4003225468487197        7.4855865970287511E-002   1.0748972836405353        26.436695998589588     
          58 -0.65026370606350570      -0.66112062817116724        1.8365934884556415E-002   3.1746516168805323        7.6072383243272590E-002   1.1420639307628304        27.140547621562956     
          59 -0.62812800205781549      -0.63905483904013560        2.0191434165867956E-002   2.9595867122172343        7.7275868272726547E-002   1.2154776694436273        27.889624874910144     
          60 -0.60585673476996948      -0.61684962108841379        2.2184654835932360E-002   2.7550987241349674        7.8461382359529513E-002   1.2957906940164472        28.686898282915045     
          61 -0.58345795826548197      -0.59451296015829247        2.4359022479534947E-002   2.5610913917979916        7.9624048028910724E-002   1.3837345890108512        29.535579024291856     
          62 -0.56093983855280194      -0.57205296950989826        2.6728759204621168E-002   2.3774100134295755        8.0759082811602864E-002   1.4801312344976498        30.439143024350127     
          63 -0.53831016240164087      -0.54947762227518038        2.9308940208580894E-002   2.2038485494620539        8.1861837742035634E-002   1.5859062436044202        31.401365647538142     
          64 -0.51557769453711655      -0.52679520849546091        3.2115336356805052E-002   2.0401620319489986        8.2927791845641322E-002   1.7021008490755802        32.426328111176502     
          65 -0.49274999758055227      -0.50401387760639993        3.5164649403645866E-002   1.8860705433533969        8.3952598952045418E-002   1.8298900472967317        33.518464507383186     
          66 -0.46983478064880202      -0.48114126865195994        3.8474350762009446E-002   1.7412646138106409        8.4932111250761208E-002   1.9706035721022357        34.682612757618166     
          67 -0.44683947685789194      -0.45818495026037370        4.2062708174461935E-002   1.6054148842098226        8.5862373638075792E-002   2.1257455067303521        35.924031320518139     
          68 -0.42377124127907179      -0.43515221386131092        4.5948758062599890E-002   1.4781764820485415        8.6739643138736264E-002   2.2970206323774036        37.248449052454035     
          69 -0.40063689982748973      -0.41205004646615384        5.0152277068421645E-002   1.3591939396240280        8.7560399387260512E-002   2.4863639692038260        38.662111804386790     
          70 -0.37744292541179614      -0.38888509355349382        5.4693741995971136E-002   1.2481053718537143        8.8321354141667432E-002   2.6959751704053860        40.171834824104195     
          71 -0.35419543149587024      -0.36566364416670116        5.9594277844031207E-002   1.1445461402436037        8.9019458720705102E-002   2.9283583431306419        41.785059685515968     
          72 -0.33090015464240058      -0.34239161883076608        6.4875598732476822E-002   1.0481519433885695        8.9651910112416938E-002   3.1863683719187148        43.509917375522079     
          73 -0.30756245902904117      -0.31907456338742179        7.0559934949316103E-002  0.95856141364186509        9.0216155436810663E-002   3.4732648356770897        45.355298008036179     
          74 -0.28418731657096091      -0.29571764099885756        7.6669956082434987E-002  0.87541824494529774        9.0709895002186000E-002   3.7927749521729544        47.330928596568967     
          75 -0.26077933638429129      -0.27232563761462569        8.3228672851318727E-002  0.79837297076350833        9.1131083371723251E-002   4.1491669327031575        49.447458514251906     
          76 -0.23734275514361811      -0.24890297136785672        9.0259338445992474E-002  0.72708439049957574        9.1477929078164766E-002   4.5473357033253254        51.716554274621906     
          77 -0.21388145240081871      -0.22545369575900995        9.7785334550207367E-002  0.66122067038922794        9.1748893010588556E-002   4.9929033802620637        54.151005691710672     
          78 -0.19039896348472957      -0.20198151374204587       0.10583004867149014       0.60046021600129107        9.1942685509504310E-002   5.4923369062883731        56.764843208406077     
          79 -0.16689849227591141      -0.17848979056822334       0.11441674319304225       0.54449231561384959        9.2058262679491437E-002   6.0530861876389137        59.573468884930222     
          80 -0.14338292802097805      -0.15498156864253188       0.12356841535562488       0.49301760230450015        9.2094822153456921E-002   6.6837464735952832        62.593802413678517     
          81 -0.11985486196393459      -0.13145958425044488       0.13330765042378936       0.44574836743403595        9.2051798255662676E-002   7.3942494938353827        65.844444023901801     
          82  -9.6316444821081232E-002 -0.10792620246047224       0.14365653956721433       0.40240860613919865        9.1928855140338564E-002   8.1960917991234901        69.345869528912516     
          83  -7.2770036961323045E-002  -8.4383681694666174E-002  0.15463624699982245       0.36273459208111281        9.1725878121808616E-002   9.1025922092205409        73.120596907511299     
          84  -4.9217290421423428E-002  -6.0834018587303279E-002  0.16626725140009371       0.32647448399359075        9.1442963714613384E-002   10.129210796132904        77.193438279509593     
          85  -2.5659785382532076E-002  -3.7278828291232219E-002  0.17856892207926228       0.29338811275908799        9.1080408295689280E-002   11.293927671266109        81.591780961048897     
          86  -2.0988876214905199E-003  -1.3719580891240205E-002  0.19155942382278382       0.26324719462457091        9.0638707175606376E-002   12.617676751155354        86.345841631204095     
          87   2.1464206572995977E-002   9.8424448702695514E-003  0.20525553922729117       0.23583505260292464        9.0118549383844893E-002   14.124872889122152        91.488999875615704     
          88   4.5028488501710304E-002   3.3406149038760616E-002  0.21967252748134813       0.21094642451700543        8.9520807790962734E-002   15.844036535488391        97.058164403665387     
          89   6.8593101902622342E-002   5.6970601198820497E-002  0.23482395848209306       0.18838723922893280        8.8846529291151513E-002   17.808538714137413        103.09418735213576     
          90   9.2157330354065342E-002   8.0535016904527301E-002  0.25072156338773255       0.16797437613840580        8.8096928030612837E-002   20.057489839578867        109.64232928891469     
          91  0.11572057137673976       0.10409873825101577       0.26737508158260703       0.14953540043735969        8.7273377655976425E-002   22.636802917641575        116.75278604537147     
          92  0.13928236905711880       0.12766123803031540       0.28479215643636951       0.13290826675445158        8.6377399456382939E-002   25.600470270494860        124.48129406933491     
          93  0.16284231888607631       0.15122208672922016       0.30297814684219271       0.11794102045336659        8.5410663037385107E-002   29.012093757256782        132.88980582983623     
          94  0.18640015582126956       0.17478095146412295       0.32193607903980820       0.10449147866036802        8.4374973702347630E-002   32.946728708674364        142.04726996057181     
          95  0.20995562938226736       0.19833757467200860       0.34166644142093622        9.2426877917596684E-002   8.3272291604705131E-002   37.493109354682197        152.03051064332215     
          96  0.23350861530571704       0.22189177069285779       0.36216718100664569        8.1623580743631102E-002   8.2104680711298283E-002   42.756327878256066        162.92524183544785     
          97  0.25705898698155644       0.24544341405869066       0.38343350768047246        7.1966678073702869E-002   8.0874336284895501E-002   48.861093119481680        174.82722374763904     
          98  0.28060670535651283       0.26899242312496424       0.40545789079437111        6.3349648829123528E-002   7.9583556788609122E-002   55.955671998074379        187.84358824714178     
          99  0.30415175013234802       0.29253876847023796       0.42822992414827826        5.5673959001746869E-002   7.8234759957449107E-002   64.216704946651518        202.09437428512746     
         100  0.32769414318337142       0.31608245145402686       0.45173628195620857        4.8848704346387710E-002   7.6830457904959112E-002   73.855057424375843        217.71428156997530     
         101  0.35123392445030477       0.33962350322849699       0.47596064089569112        4.2790222193022594E-002   7.5373246063219754E-002   85.122985821545740        234.85470959786417     
         102  0.37477117302773005       0.36316198384149045       0.50088361264316561        3.7421645009487171E-002   7.3865911052799951E-002   98.322994309586974        253.68610899455791     
         103  0.39830593083552140       0.38669795329638107       0.52648263484057811        3.2672618497843253E-002   7.2311270691072765E-002   113.81855341948004        274.40068206329238     
         104  0.42183833457722003       0.41023150218835136       0.55273208219697889        2.8478885650718305E-002   7.0712159728697210E-002   132.04743126624481        297.21560452876560     
         105  0.44536845810805797       0.43376273494515760       0.57960301963840710        2.4781834524224677E-002   6.9071599585613333E-002   153.53832216841306        322.37671892839239     
         106  0.46889637678808826       0.45729172619452763       0.60706323961096986        2.1528201001128844E-002   6.7392650003730348E-002   178.93116656784193        350.16280877139661     
         107  0.49242223310529787       0.48081858576905606       0.63507732851105669        1.8669688903387015E-002   6.5678363902848980E-002   209.00263229940253        380.89077166782693     
         108  0.51594607049294394       0.50434340528784216       0.66360638553195561        1.6162557826258223E-002   6.3931998418480337E-002   244.69819638277582        414.92152761189436     
         109  0.53946810852070937       0.52786631863656597       0.69260847156469119        1.3967404337765029E-002   6.2156489613830135E-002   287.17131370025402        452.66723630258923     
         110  0.56298827259114315       0.55138739431879447       0.72203764064200726        1.2048555764815481E-002   6.0355687367078047E-002   337.83598554704980        494.59936888433384     
         111  0.58650678814986468       0.57490671181992137       0.75184509295013768        1.0374174061392011E-002   5.8532486146889995E-002   398.42628687194525        541.25871643767368     
         112  0.61002364441284884       0.59842437527293479       0.78197820147008423        8.9155742102292480E-003   5.6690466846987475E-002   471.08108212716570        593.26739062947934     
         113  0.63353897871277354       0.62194044995667985       0.81238116872435706        7.6471618264849963E-003   5.4832855120456749E-002   558.44356301545020        651.34275040992077     
         114  0.65705278149421376       0.64545499777167825       0.84299451854653096        6.5460408132612547E-003   5.2963190039784648E-002   663.79537727010904        716.31448277889183     
         115  0.68056521019440697       0.66896809491852072       0.87375568389189817        5.5918516169483311E-003   5.1084701365790380E-002   791.22305223852572        789.14517459817159     
         116  0.70407619590442716       0.69247978259835141       0.90459853474412166        4.7664787452553238E-003   4.9200667681893316E-002   945.83818028302619        870.95521805610508     
         117  0.72758569396807760       0.71599000435691618       0.93545331470244864        4.0537871912955008E-003   4.7315093447737669E-002   1134.0682785643396        963.05220491164414     
         118  0.75109391745601450       0.73949884788835729       0.96624776717987604        3.4395891983795032E-003   4.5430789402922854E-002   1364.0122855451270        1066.9688101961272     
         119  0.77460069262728226       0.76300632762411580       0.99690589156383980        2.9112685331709170E-003   4.3551406801720441E-002   1645.9500052034339        1184.5078051818659     
         120  0.79810600162275258       0.78651234987325924        1.0273496074377748        2.4577711835080608E-003   4.1679344547896041E-002   1992.9578409536339        1317.7984419836766     
         121  0.82160989244487781       0.81001693059837843        1.0574973064393403        2.0692282738724501E-003   3.9819115156169559E-002   2421.8419272751144        1469.3665519153667     
         122  0.84511243342950026       0.83352012824352961        1.0872655362921595        1.7370826101850000E-003   3.7973182878117608E-002   2954.2077080868435        1642.2203038999744     
         123  0.86861318843471558       0.85702175208247766        1.1165678532677612        1.4537669736129932E-003   3.6145069520907104E-002   3618.1008606502282        1839.9593259709734     
         124  0.89211220194451946       0.88052161278744401        1.1453171282556012        1.2126889060396350E-003   3.4337269293965265E-002   4450.0789726824096        2066.9147976478171     
         125  0.91560950482093861       0.90401974784709893        1.1734249991389278        1.0080557314012374E-003   3.2552621324273792E-002   5498.2245633299444        2328.3319587785149     
         126  0.93910469785515360       0.92751596727264574        1.2008016841491469        8.3480294381419503E-004   3.0794207087101032E-002   6826.2393993222722        2630.5929695016321     
         127  0.96259732209874349       0.95100984117922871        1.2273578330328989        6.8854037172231110E-004   2.9064097337718350E-002   8519.0696835801064        2981.5152122167392     
         128  0.98608740613000667       0.97450116097447226        1.2530048006202184        5.6541632324052897E-004   2.7365321612748468E-002   10691.321255815446        3390.7494865614985     
         129   1.0095746880407883       0.99798980606677246        1.2776553662917731        4.6210360575704880E-004   2.5699971612988752E-002   13498.773830833303        3870.2957546568778     
         130   1.0330589959610850        1.0214755607852122        1.3012248959218402        3.7571167552110713E-004   2.4070129673510684E-002   17155.607191169853        4435.2039298402669     
         131   1.0565392931740445        1.0449578091503084        1.3236309967368229        3.0373104179352302E-004   2.2478325985272923E-002   21959.823118857446        5104.5043890624283     
         132   1.0800157014009342        1.0684361093225037        1.3447977015248254        2.4400811493172989E-004   2.0925675580438976E-002   28330.613950182837        5902.5309791474674     
         133   1.1034860424332156        1.0919094019899200        1.3646538415356582        1.9468185018057109E-004   1.9412941291319936E-002   36866.241565460550        6860.7524754240121     
         134   1.1269500459267030        1.1153764886611470        1.3831358565866074        1.5412799566600033E-004   1.7942769474441622E-002   48436.608950479087        8020.3745449898479     
         135   1.1504061977712392        1.1388364603217227        1.4001879775495847        1.2096446319385036E-004   1.6516560034392551E-002   64325.385464502135        9436.0764895435223     
         136   1.1738539283602194        1.1622882878789589        1.4157658507616515        9.4008430195638537E-005   1.5135107181698701E-002   86465.020529765403        11181.601316536236     
         137   1.1972928072060214        1.1857314731706223        1.4298369301991669        7.2243035939783938E-005   1.3799550873298524E-002   117834.24828023213        13358.253593371386     
         138   1.2207224165093467        1.2091655922309161        1.4423820805025791        5.4800631266091846E-005   1.2511060955822649E-002   163142.59598722155        16107.951131451460     
         139   1.2441436204148144        1.2325908855181131        1.4533984749549032        4.0944774504991343E-005   1.1270195778268424E-002   230057.17690483894        19634.289129353132     
         140   1.2675553587867336        1.2560072290960618        1.4629005432273683        3.0051526995637258E-005   1.0076827543397088E-002   331490.84786226740        24237.340759442646     
         141   1.2909464892766465        1.2794083859864094        1.4709219339279018        2.1597919680144279E-005   8.9283633698435498E-003   490006.84828886139        30373.040178524818     
         142   1.3143364780452333        1.3027989302464522        1.4775190224208126        1.5112169890748959E-005   7.8336964146294447E-003   747635.30963877251        38764.427278535055     
         143   1.3376294135113338        1.3261390886281272        1.4827694707504442        1.0272969828998691E-005   6.7644243759401469E-003   1183555.3269436541        50596.063014134976     
         144   1.3608450544922110        1.3493923424158880        1.4867770619814069        6.6956006133237219E-006   5.7530774061583106E-003   1969066.3517536134        67957.168472781676     
         145   1.3839762296509248        1.3725646240053988        1.4896715108863248        4.1320779252840026E-006   4.7921683053282179E-003   3495952.0368581349        94782.873570518073     
         146   1.4069072296251006        1.3955930583191363        1.4916061313532514        2.3716507785826825E-006   3.8739191255911620E-003   6774449.1113336906        139148.81395745868     
         147   1.4294212809265501        1.4183101314549760        1.4927602557444308        1.2264735526028073E-006   3.0057016813198395E-003   14871982.826298315        219673.72939607356     
         148   1.4505391361146949        1.4401085545788184        1.4933318157930759        5.4848236485201583E-007   2.2125534122438327E-003   38760596.306875035        382870.52872270363     
         149   1.4581941248947876        1.4543834963921478        1.4935307680093484        2.8055695643987812E-007   1.7748003699073016E-003   84606592.269958451        597715.99525353336     
         150   1.5048968305263113        1.4821729587886425        1.4935595260060446        1.0154467653162611E-008   2.7746251709639757E-004   5912085124.8414125        7946015.5915027820     
