           1  -1.5825408890820345       -1.8835708847460155        4.9340754158181852E-005   7.9686114913282715        9.6609032173046699E-002  0.40374623077200505        15.201273107767790     
           2  -1.5647191095766715       -1.5735385885600277        5.4948311171684085E-005   7.8882415315952636        9.6605367357441074E-002  0.40786756671155960        15.278806330087740     
           3  -1.5475262979350040       -1.5560376308720467        6.1189783475984610E-005   7.8815348089901036        9.6606271806302296E-002  0.40821272712247636        15.285234078227100     
           4  -1.5307246753060870       -1.5390442407919864        6.8137709223710144E-005   7.8747844333975392        9.6604575613878071E-002  0.40856623956926541        15.291918280015162     
           5  -1.5141948774812404       -1.5223811380110503        7.5871406269843931E-005   7.8674809991297892        9.6605472480452093E-002  0.40894361600197310        15.298943410904114     
           6  -1.4978554284791152       -1.5059483151833832        8.4478969949034217E-005   7.8599497675063947        9.6604181099206321E-002  0.40933819275256378        15.306373517063889     
           7  -1.4816820249996592       -1.4896934426070787        9.4053355316798528E-005   7.8518313533615069        9.6604504518825282E-002  0.40976074274559093        15.314258862771666     
           8  -1.4656288400741220       -1.4735812633708205        1.0471254452820816E-004   7.8432817547698885        9.6603948469437151E-002  0.41020858454370046        15.322647370138817     
           9  -1.4496958182098929       -1.4575892661165808        1.1656704710366766E-004   7.8341736464613358        9.6603524436290805E-002  0.41068639951088642        15.331585581781971     
          10  -1.4338489463910145       -1.4417001072006199        1.2976215766879255E-004   7.8244713105150741        9.6603104875995466E-002  0.41119654313932624        15.341121525805779     
          11  -1.4180896667290741       -1.4258978281965446        1.4443457840648889E-004   7.8141138540286166        9.6602830498341258E-002  0.41174216091603189        15.351307139427913     
          12  -1.4023873628602008       -1.4101675523117176        1.6076257275145767E-004   7.8030854729393662        9.6602242883141010E-002  0.41232534495444534        15.362198308692140     
          13  -1.3867439795464944       -1.3944952402448170        1.7891561706495008E-004   7.7912980565636474        9.6601726091360487E-002  0.41295025451260858        15.373855736504899     
          14  -1.3711340475950187       -1.3788688834890594        1.9911170646267029E-004   7.7786852308896757        9.6601360717583601E-002  0.41362061897740865        15.386343830583979     
          15  -1.3555598278854835       -1.3632771281600826        2.2156128572587536E-004   7.7652264861836713        9.6600600120594210E-002  0.41433914028516722        15.399732542730840     
          16  -1.3400068129339251       -1.3477137007855666        2.4652174520531345E-004   7.7508004096966303        9.6600150471101515E-002  0.41511128973894806        15.414093030683404     
          17  -1.3244622931530410       -1.3321650094480140        2.7427978619505073E-004   7.7353790835563654        9.6599405387606321E-002  0.41594046369029375        15.429509727033727     
          18  -1.3089316515055280       -1.3166275528486897        3.0512516515219482E-004   7.7188588612564200        9.6598753054832925E-002  0.41683208417414996        15.446064494096087     
          19  -1.2934049357287829       -1.3010989092262830        3.3940688374415565E-004   7.7011810785612740        9.6597982470741445E-002  0.41779057354621740        15.463843952488354     
          20  -1.2778787330917749       -1.2855724546052321        3.7750221597641545E-004   7.6822531818943771        9.6597181649210898E-002  0.41882168168102873        15.482946684551337     
          21  -1.2623461442263075       -1.2700430017707782        4.1984040518327939E-004   7.6619886228086536        9.6596310678974687E-002  0.41993128162025484        15.503477839899576     
          22  -1.2468136574983442       -1.2545104648872021        4.6686204582763755E-004   7.6402980927312125        9.6595376667220789E-002  0.42112548733175459        15.525544209580621     
          23  -1.2312753510438021       -1.2389750162563056        5.1908944786017357E-004   7.6170895207101195        9.6594371151554614E-002  0.42241081656644908        15.549259604444371     
          24  -1.2157301521299739       -1.2234332019149550        5.7708815925707705E-004   7.5922597019243199        9.6593289384797804E-002  0.42379464711488551        15.574752305566513     
          25  -1.2001738730708162       -1.2078823637526448        6.4149744584227888E-004   7.5657006517938932        9.6592125087028080E-002  0.42528492218280112        15.602159619462865     
          26  -1.1846121572022776       -1.1923233175993357        7.1298351454863952E-004   7.5373044364051696        9.6590871996847183E-002  0.42688991948500965        15.631623354111252     
          27  -1.1690411755872681       -1.1767568858387762        7.9232209635646494E-004   7.5069586050482950        9.6589523331741103E-002  0.42861855468048288        15.663295167301950     
          28  -1.1534602804633407       -1.1611808585920249        8.8035683137574114E-004   7.4745393015350423        9.6588071500533182E-002  0.43048083630940326        15.697344576290952     
          29  -1.1378689507840927       -1.1455946525807406        9.7801809333177372E-004   7.4399200873582352        9.6586508433142204E-002  0.43248743634067038        15.733950708085130     
          30  -1.1222641332195522       -1.1299964578645061        1.0863497648016330E-003   7.4029661261441122        9.6584825266197119E-002  0.43465010471682108        15.773309452697008     
          31  -1.1066499058064210       -1.1143868508319799        1.2064519003941669E-003   7.3635424988728282        9.6583012657409692E-002  0.43698127581554297        15.815625808865864     
          32  -1.0910231851361505       -1.0987662644646730        1.3395864329956673E-003   7.3215097171032486        9.6581060514991199E-002  0.43949442655882009        15.861119878443560     
          33  -1.0753831342671227       -1.0831327587455151        1.4871264694576621E-003   7.2767169614074874        9.6578957599033358E-002  0.44220460455125948        15.910035762506924     
          34  -1.0597287775162114       -1.0674854260927629        1.6505833078067455E-003   7.2290112445119830        9.6576691848079210E-002  0.44512802416355723        15.962633463863945     
          35  -1.0440575401916634       -1.0518224768723810        1.8316365290212656E-003   7.1782323871209517        9.6574250034770145E-002  0.44828252952881192        16.019196360110403     
          36  -1.0283712399862193       -1.0361435721732495        2.0320782141062910E-003   7.1242207768171593        9.6571618014251126E-002  0.45168729654978901        16.080024839683158     
          37  -1.0126670753571574       -1.0204481783702437        2.2539287840002797E-003   7.0668137482910067        9.6568780417264188E-002  0.45536325350990658        16.145442715309382     
          38 -0.99694348801683141       -1.0047341267139744        2.4993888245647329E-003   7.0058401849932075        9.6565720219608617E-002  0.45933367079239545        16.215806337200458     
          39 -0.98119869215797717      -0.98899974304286797        2.7708721298777710E-003   6.9411288630176387        9.6562418964657060E-002  0.46362390911481466        16.291498475356466     
          40 -0.96543091962636929      -0.97324325047100768        3.0710194097225336E-003   6.8725074561661650        9.6558856508416405E-002  0.46826179253321482        16.372933095743431     
          41 -0.94963803285605664      -0.95746269271021367        3.4027238556643379E-003   6.7998034304341237        9.6555010827009236E-002  0.47327790873305287        16.460558496631432     
          42 -0.93381681597928956      -0.94165538313182706        3.7691700561390019E-003   6.7228426500762115        9.6550857665568396E-002  0.47870612625088393        16.554863825332617     
          43 -0.91796660627867754      -0.92581940558052156        4.1737706892082957E-003   6.6414579476891280        9.6546370686713540E-002  0.48458347114728445        16.656374010126864     
          44 -0.90208371894496686      -0.90995255863475333        4.6203156022830427E-003   6.5554866568335362        9.6541520997537086E-002  0.49095082465584661        16.765658538900645     
          45 -0.88616513732852764      -0.89405149747931378        5.1129141673248403E-003   6.4647671962715583        9.6536276547879246E-002  0.49785381338694112        16.883342745370339     
          46 -0.87020753298784403      -0.87811304651899169        5.6560420567750812E-003   6.3691481873591487        9.6530602176925426E-002  0.50534286568135234        17.010104026802392     
          47 -0.85420731813231920      -0.86213374502506857        6.2545657568274611E-003   6.2684885387938190        9.6524459103930760E-002  0.51347402099273021        17.146680187170606     
          48 -0.83816058059974508      -0.84610983976129406        6.9137716212976773E-003   6.1626600680780799        9.6517804490491743E-002  0.52230967441964760        17.293875593793182     
          49 -0.82206305358163734      -0.83003723764221071        7.6393951088414057E-003   6.0515500968339451        9.6510590923497577E-002  0.53191946083985786        17.452568458195479     
          50 -0.80591012743701673      -0.81391149688159170        8.4376489256956320E-003   5.9350645159516535        9.6502765838915358E-002  0.54238125969010509        17.623718672968675     
          51 -0.78969627064972381      -0.79772753785698702        9.3152837006092813E-003   5.8131289739531198        9.6494270711945274E-002  0.55378256346269494        17.808379855642809     
          52 -0.77341711169521121      -0.78148041933564449        1.0279504384419264E-002   5.6856981567418057        9.6485040697107977E-002  0.56622130678747795        18.007700618310189     
          53 -0.75706628263306774      -0.76516475230478842        1.1338166921953498E-002   5.5527557573429656        9.6475003520584371E-002  0.57980776510839671        18.222940911066800     
          54 -0.74063744021771349      -0.74877418061706724        1.2499703176711398E-002   5.4143136841978885        9.6464078111504023E-002  0.59466691600306432        18.455492457720020     
          55 -0.72412375681459429      -0.73230211337414242        1.3773175159422524E-002   5.2704219634424625        9.6452173863210131E-002  0.61094005898990567        18.706883870100604     
          56 -0.70751782902882665      -0.71574142855830969        1.5168309084016108E-002   5.1211704662762365        9.6439189114326113E-002  0.62878763489159972        18.978800598014679     
          57 -0.69081171855871870      -0.69908444899898559        1.6695518132070250E-002   4.9666927295322569        9.6425009561406705E-002  0.64839231985037005        19.273103888371093     
          58 -0.67399684592042686      -0.68232290822515562        1.8365934884556415E-002   4.8071695913961028        9.6409506407333617E-002  0.66996270363809185        19.591852498090642     
          59 -0.65706397838474484      -0.66544789215300415        2.0191434165867956E-002   4.6428323660799427        9.6392534179312317E-002  0.69373770235704935        19.937327980353366     
          60 -0.64000319117672277      -0.64844981335429808        2.2184654835932360E-002   4.4739659974659300        9.6373928212630314E-002  0.71999178344169323        20.312062952829198     
          61 -0.62280379217613901      -0.63131835359372235        2.4359022479534947E-002   4.3009114526965391        9.6353501674736747E-002  0.74904127121391251        20.718874136451827     
          62 -0.60545432291582313      -0.61404242736678927        2.6728759204621168E-002   4.1240677209894612        9.6331042101454684E-002  0.78125189284486674        21.160899798008199     
          63 -0.58794219750694099      -0.59660999816376403        2.9308940208580894E-002   3.9438915629289273        9.6306307119292847E-002  0.81704818470088114        21.641646865791781     
          64 -0.57025476463973412      -0.57900844318554490        3.2115336356805052E-002   3.7609019869485261        9.6279020228253492E-002  0.85692369851878003        22.165029584085048     
          65 -0.55237762657736644      -0.56122421611152340        3.5164649403645866E-002   3.5756765448814765        9.6248864843626672E-002  0.90145482212752537        22.735433171984525     
          66 -0.53429567857335380      -0.54324255362745100        3.8474350762009446E-002   3.3888466268333559        9.6215477190454937E-002  0.95131778727743355        23.357788841974987     
          67 -0.51599277567322521      -0.52504781458521843        4.2062708174461935E-002   3.2010981272326711        9.6178439082039074E-002   1.0073076923096285        24.037638421388976     
          68 -0.49745172260783366      -0.50662331150741879        4.5948758062599890E-002   3.0131652728008240        9.6137268515270005E-002   1.0703631702615453        24.781225976083412     
          69 -0.47865422566896126      -0.48795128095333390        5.0152277068421645E-002   2.8258242758511125        9.6091408829844085E-002   1.1415963404191454        25.595599013610443     
          70 -0.45958087011144261      -0.46901284829280127        5.4693741995971136E-002   2.6398852242674860        9.6040215917336511E-002   1.2223297748044195        26.488725789104411     
          71 -0.44021112058098671      -0.44978801673959068        5.9594277844031207E-002   2.4561824724252417        9.5982943221784855E-002   1.3141421363118770        27.469629926135699     
          72 -0.42052332688998179      -0.43025567038544371        6.4875598732476822E-002   2.2755634302120678        9.5918724155177618E-002   1.4189247285780588        28.548545359296323     
          73 -0.40049476899894015      -0.41039359990037844        7.0559934949316103E-002   2.0988759004090105        9.5846551563976895E-002   1.5389517116012552        29.737094124967587     
          74 -0.38010171002301019      -0.39017855152570552        7.6669956082434987E-002   1.9269541065086566        9.5765253840162531E-002   1.6769675022821731        31.048490182575229     
          75 -0.35931952971645592      -0.36958632119847101        8.3228672851318727E-002   1.7606038163196163        9.5673467362369910E-002   1.8362956448397294        32.497771273319081     
          76 -0.33812287369809468      -0.34859189611601898        9.0259338445992474E-002   1.6005868460920611        9.5569604944209616E-002   2.0209746274509168        34.102061786275399     
          77 -0.31648588568975328      -0.32716964656365954        9.7785334550207367E-002   1.4476053363891359        9.5451820070470969E-002   2.2359275010580513        35.880869552395474     
          78 -0.29438251319066400      -0.30529359600874861       0.10583004867149014        1.3022864506309251        9.5317967022794242E-002   2.4871735610384649        37.856417057514136     
          79 -0.27178690291874219      -0.28293777318410090       0.11441674319304225        1.1651680040581467        9.5165557235164830E-002   2.7820924156368054        40.054008113654582     
          80 -0.24867390451545385      -0.26007666366135040       0.12356841535562488        1.0366856830343438        9.4991712787843643E-002   3.1297528237367556        42.502428396948062     
          81 -0.22501969190301988      -0.23668577479901687       0.13330765042378936       0.91716249861933241        9.4793118660904604E-002   3.5413210864931068        45.234376015222189     
          82 -0.20080234616676496      -0.21274223843498680       0.14365653956721433       0.80680070243790736        9.4565975436186181E-002   4.0305682456928764        48.286926922595313     
          83 -0.17600339006521795      -0.18822588431925166       0.15463624699982245       0.70567870700224178        9.4305960522000437E-002   4.6144868773576500        51.701968172571746     
          84 -0.15060783054111335      -0.16312000968971543       0.16626725140009371       0.61374950711110132        9.4008195700908986E-002   5.3140542653379033        55.526681261766733     
          85 -0.12460590294442803      -0.13741229850928460       0.17856892207926228       0.53084391989023927        9.3667231714678528E-002   6.1551594804850449        59.814005700253787     
          86  -9.7994090693189553E-002 -0.11109619564987470       0.19155942382278382       0.45667913854308367        9.3277061963603261E-002   7.1697068306378178        64.623003406558141     
          87  -7.0776355534427085E-002  -8.4172037149342863E-002  0.20525553922729117       0.39087001373143759        9.2831167887884675E-002   8.3969339841052886        70.019187977584338     
          88  -4.2965233703094859E-002  -5.6648213395753121E-002  0.21967252748134813       0.33294400683030062        9.2322608289490113E-002   9.8849565667277304        76.074747635611857     
          89  -1.4582831984707069E-002  -2.8542215078134980E-002  0.23482395848209306       0.28235883171000381        9.1744159525796315E-002   11.692554705476002        82.868647863440671     
          90   1.4338470122762402E-002   1.1852187499035263E-004  0.25072156338773255       0.23852186505178111        9.1088510746633031E-002   13.891207628664421        90.486596852429884     
          91   4.3755682285439225E-002   2.9296102793063401E-002  0.26737508158260703       0.20081018997321828        9.0348511937055356E-002   16.567376848008763        99.020879300897988     
          92   7.3615417486323192E-002   5.8942123553862344E-002  0.28479215643636951       0.16859012342115540        8.9517463884241297E-002   19.825036087956303        108.57009176040606     
          93  0.10385448512148597        8.8998083981674816E-002  0.30297814684219271       0.14123527409614120        8.8589433506109608E-002   23.788434403794579        119.23880178188217     
          94  0.13440127492369847       0.11939639428072436       0.32193607903980820       0.11814210334939597        8.7559564649159802E-002   28.605102258873107        131.13723063478560     
          95  0.16517737224394297       0.15006188347274216       0.34166644142093622        9.8742462510108486E-002   8.6424355251005072E-002   34.449107287155996        144.38101913425231     
          96  0.19609990166206406       0.18091379613306360       0.36216718100664569        8.2512702392273624E-002   8.5181865017080804E-002   41.524615208729593        159.09120681371783     
          97  0.22708379562018552       0.21186810075813794       0.38343350768047246        6.8979401411221664E-002   8.3831830308354255E-002   50.069828579814569        175.39449941656724     
          98  0.25804442235099473       0.24283994644539728       0.40545789079437111        5.7721945121634477E-002   8.2375669305993354E-002   60.361436163742297        193.42392734601313     
          99  0.28889987464272843       0.27374611547219363       0.42822992414827826        4.8372425025802829E-002   8.0816378804716218E-002   72.719761597301073        213.31997816261793     
         100  0.31957310393703375       0.30450723055801798       0.45173628195620857        4.0613458364521862E-002   7.9158341290516729E-002   87.514836296886941        235.23222966651019     
         101  0.34999359456850693       0.33504964814856980       0.47596064089569112        3.4174520905634463E-002   7.7407071358075022E-002   105.17372281732814        259.32155570091317     
         102  0.38009859607368046       0.36530690041822966       0.50088361264316561        2.8827384990155337E-002   7.5568942826549995E-002   126.18945901671256        285.76290792734136     
         103  0.40983383693684783       0.39522065558247949       0.52648263484057811        2.4381148221821494E-002   7.3650938848088029E-002   151.13209466783780        314.74869131293570     
         104  0.43915409000590566       0.42474135149414427       0.55273208219697889        2.0677214559110969E-002   7.1660451683066298E-002   180.66257463720223        346.49292105239584     
         105  0.46802296629915180       0.45382835926308995       0.57960301963840710        1.7584535118600544E-002   6.9605174850267737E-002   215.55015735449504        381.23603490363752     
         106  0.49641281782658303       0.48244983151793513       0.60706323961096986        1.4995252072456142E-002   6.7493092709490471E-002   256.69450074816945        419.25051439278997     
         107  0.52430450541784890       0.51058253407788168       0.63507732851105669        1.2820820541014889E-002   6.5332553304798952E-002   305.15420793753873        460.84770354888548     
         108  0.55168674912305649       0.53821139765832249       0.66360638553195561        1.0988671045842316E-002   6.3132430495565273E-002   362.18342615102108        506.38556017831343     
         109  0.57855622269131524       0.56532925204318130       0.69260847156469119        9.4393612268871049E-003   6.0902303230076067E-002   429.27988136247677        556.27813809687893     
         110  0.60491632283076513       0.59193623737975964       0.72203764064200726        8.1242197153619435E-003   5.8652657784351650E-002   508.24661117742198        611.00600102058615     
         111  0.63077801289701640       0.61803964331650540       0.75184509295013768        7.0033792731059698E-003   5.6394962470268088E-002   601.27368543502223        671.12926173012306     
         112  0.65615867515724380       0.64365372698543388       0.78197820147008423        6.0441814081877016E-003   5.4141612088449226E-002   711.04472337872005        737.30268805531318     
         113  0.68108242167981647       0.66879931764638900       0.81238116872435706        5.2198909440748457E-003   5.1905653015065500E-002   840.87461288186978        810.29304197573867     
         114  0.70557921596070294       0.69350351655728004       0.84299451854653096        4.5086518412605255E-003   4.9700244353862562E-002   994.88764517662139        890.99966734365728     
         115  0.72968467443753215       0.71779917002516103       0.87375568389189817        3.8926418988521581E-003   4.7537854918412122E-002   1178.2454101745454        980.47864059109077     
         116  0.75343860811137031       0.74172402505694324       0.90459853474412166        3.3573775979367504E-003   4.5429293137599414E-002   1397.4356617916631        1079.9709414955630     
         117  0.77688353579524272       0.76531925894549457       0.93545331470244864        2.8911299382737379E-003   4.3382733291330078E-002   1660.6340311515889        1190.9345457172108     
         118  0.80006370598528753       0.78862825574755335       0.96624776717987604        2.4844000172930913E-003   4.1402897018660158E-002   1978.1677222987419        1315.0856142944715     
         119  0.82302206481742735       0.81169457535477318       0.99690589156383980        2.1294611780468395E-003   3.9490762685257218E-002   2363.1022430199100        1454.4457599113655     
         120  0.84579954763909992       0.83456011570999944        1.0273496074377748        1.8199455099593999E-003   3.7643859270083915E-002   2832.0084459658651        1611.4019722672645     
         121  0.86843238089280628       0.85726338358815035        1.0574973064393403        1.5504932730014491E-003   3.5857211109227800E-002   3405.9781660483472        1788.7801084689631     
         122  0.89095233045243827       0.87983830828685583        1.0872655362921595        1.3164772146264656E-003   3.4124612464225733E-002   4111.9970004249490        1989.9383262767597     
         123  0.91338543852297094       0.90231371375145197        1.1165678532677612        1.1138104606035031E-003   3.2439897185189033E-002   4984.8141736495172        2218.8848929318306     
         124  0.93575393774652871       0.92471368445600821        1.1453171282556012        9.3882790279092485E-004   3.0797782182405520E-002   6069.5192018551534        2480.4326430145588     
         125  0.95807616402852636       0.94705845213006601        1.1734249991389278        7.8822273260586474E-004   2.9194229839750500E-002   7425.1038580268078        2780.3992627537273     
         126  0.98036665734854023       0.96936440455121509        1.2008016841491469        6.5901912083489987E-004   2.7626474044415317E-002   9129.3373331948205        3125.8520353988861     
         127   1.0026377577212631       0.99164495272094322        1.2273578330328989        5.4854713434087288E-004   2.6092780519720589E-002   11285.631584987663        3525.4373242762831     
         128   1.0248997928898651        1.0139114043222868        1.2530048006202184        4.5441989447663459E-004   2.4592186647424560E-002   14032.792076434620        3989.8164134715958     
         129   1.0471613250304297        1.0361731815320208        1.2776553662917731        3.7451305257265330E-004   2.3124302230111835E-002   17558.957318678727        4532.2343332933779     
         130   1.0694296753460399        1.0584382101276850        1.3012248959218402        3.0694211559540455E-004   2.1689133916063530E-002   22121.899384138898        5169.2889385667904     
         131   1.0917096840821603        1.0807125391056231        1.3236309967368229        2.5004215887776171E-004   2.0286981586414034E-002   28078.767612061059        5921.9510949091582     
         132   1.1140067700925644        1.1030013055376873        1.3447977015248254        2.0234488975166256E-004   1.8918137912886112E-002   35930.938897167362        6817.0242690334935     
         133   1.1363239577114048        1.1253087004207336        1.3646538415356582        1.6255769036413708E-004   1.7582947388978226E-002   46392.378769265546        7889.1562139158495     
         134   1.1586642227491917        1.1476377233081303        1.3831358565866074        1.2954230910412667E-004   1.6282263162799748E-002   60496.601901981230        9183.6844303680482     
         135   1.1810289042204238        1.1699905106624335        1.4001879775495847        1.0230331612770104E-004   1.5017055681453997E-002   79766.014480017766        10760.758945702393     
         136   1.2034201290430171        1.1923688056594683        1.4157658507616515        7.9973890551768113E-005   1.3788032423646785E-002   106487.98959708113        12701.496533826597     
         137   1.2258396506827320        1.2147745437698654        1.4298369301991669        6.1798406862606750E-005   1.2595990943425924E-002   144180.50782741667        15117.338738152062     
         138   1.2482888678243369        1.2372092965707355        1.4423820805025791        4.7121412851077386E-005   1.1441868591602631E-002   198396.14018587556        18164.461377717937     
         139   1.2707704899712313        1.2596751351874702        1.4533984749549032        3.5377514204314758E-005   1.0326247274320166E-002   278164.32207063941        22067.098662982527     
         140   1.2932856561354322        1.2821739636783709        1.4629005432273683        2.6081036910610991E-005   9.2490449930071380E-003   398682.06603124441        27156.217670009690     
         141   1.3158287757462457        1.3047034690077406        1.4709219339279018        1.8817584521691516E-005   8.2087228873015498E-003   586540.93502410082        33935.981850530952     
         142   1.3384188138319650        1.3272706572071180        1.4775190224208126        1.3213707892209107E-005   7.2110086065012092E-003   891204.33671479870        43208.560319156604     
         143   1.3609820616113442        1.3498469520469367        1.4827694707504442        9.0031614342238328E-006   6.2340114857010786E-003   1406763.7329704063        56298.760879139059     
         144   1.3835501606104870        1.3724126884386207        1.4867770619814069        5.8750856997944930E-006   5.3024854509860228E-003   2337470.0296141692        75567.196116423860     
         145   1.4061616910623445        1.3950030678082543        1.4896715108863248        3.6201028694581097E-006   4.4098321811811099E-003   4159757.9179914887        105562.25694644982     
         146   1.4288255113596779        1.4176414244329301        1.4916061313532514        2.0606086339332212E-006   3.5440838356426692E-003   8151780.7710655658        156073.94327103448     
         147   1.4517407789236989        1.4404342662721448        1.4927602557444308        1.0342237068167117E-006   2.6951659490303021E-003   18624848.804785952        252627.22653046189     
         148   1.4763879938259605        1.4642392112114644        1.4933318157930759        3.9778882064267897E-007   1.7947390677725255E-003   59339894.252064787        499175.43940928648     
         149   1.4896499492719171        1.4830695917606818        1.4935307680093484        1.3283081956684862E-007   1.0833197850321308E-003   228729831.63870415        1111865.8474733289     
         150   1.5048968305263113        1.4973402959560369        1.4935595260060446        2.8010155580093469E-008   5.6804578026794605E-004   1497934453.3193781        3343726.3257234609     
