           1  -1.5648595152953624       -1.8658895109593434        4.9340754158181852E-005   7.0524832907255703        6.3644597920737150E-002  0.56205285806421168        19.908032796615736     
           2  -1.5468898239507305       -1.5557817353387065        5.4948311171684085E-005   6.9235985226967811        6.3876501510595707E-002  0.57147542911944771        20.055969234398781     
           3  -1.5295401310017744       -1.5381283450633296        6.1189783475984610E-005   6.9128235952554533        6.3897325775155916E-002  0.57227290513894102        20.068322683925832     
           4  -1.5126006991087841       -1.5209878310663680        6.8137709223710144E-005   6.9020129109611199        6.3915598273347127E-002  0.57308732524010841        20.081162065621591     
           5  -1.4959414687090546       -1.5041912092629610        7.5871406269843931E-005   6.8902810923114481        6.3938556462601118E-002  0.57396002650970923        20.094641881382746     
           6  -1.4794860445689466       -1.4876358242686138        8.4478969949034217E-005   6.8782485011599830        6.3959708299099444E-002  0.57486901429412729        20.108884781988102     
           7  -1.4631978324645347       -1.4712655818288638        9.4053355316798528E-005   6.8653078900990820        6.3984111914151542E-002  0.57584275602241397        20.123989005051115     
           8  -1.4470307271576881       -1.4550390542976051        1.0471254452820816E-004   6.8517000464280731        6.4008972649917756E-002  0.57687435054281955        20.140050470797327     
           9  -1.4309818172316322       -1.4389321425239170        1.1656704710366766E-004   6.8371955485040248        6.4035922125134870E-002  0.57797647889511339        20.157158906866218     
          10  -1.4150164932578555       -1.4229257956843289        1.2976215766879255E-004   6.8217936411902125        6.4064452515039047E-002  0.57915240289794112        20.175407047008765     
          11  -1.3991351326118335       -1.4070032229139402        1.4443457840648889E-004   6.8053930872947248        6.4094966070239776E-002  0.58040991584040191        20.194894338584724     
          12  -1.3833067109884225       -1.3911488148899158        1.6076257275145767E-004   6.7879235856719067        6.4127544461560271E-002  0.58175583791443175        20.215727576790865     
          13  -1.3675322097408267       -1.3753478438628761        1.7891561706495008E-004   6.7692975874931767        6.4162391638337229E-002  0.58319812817598227        20.238022704171510     
          14  -1.3517849761935814       -1.3595872238295521        1.9911170646267029E-004   6.7494267415611908        6.4199691635874870E-002  0.58474516715167335        20.261903333581273     
          15  -1.3360671255774088       -1.3438549478217128        2.2156128572587536E-004   6.7282162086546826        6.4239651640950426E-002  0.58640609077591987        20.287502950467751     
          16  -1.3203627034652690       -1.3281439328924705        2.4652174520531345E-004   6.7055721051433217        6.4282480583500057E-002  0.58819028825296082        20.314957680508865     
          17  -1.3046584470936102       -1.3124395951487258        2.7427978619505073E-004   6.6813828965771584        6.4328426942264857E-002  0.59010891161024348        20.344429122655594     
          18  -1.2889587118535404       -1.2967376402039938        3.0512516515219482E-004   6.6555452445017522        6.4377730367130931E-002  0.59217290065065809        20.376073717933359     
          19  -1.2732526585294623       -1.2810346888170048        3.3940688374415565E-004   6.6279524699373278        6.4430644447001834E-002  0.59439394543783730        20.410057288278171     
          20  -1.2575358545275068       -1.2653231629330377        3.7750221597641545E-004   6.5984844818038741        6.4487457142668486E-002  0.59678537851615510        20.446568323363394     
          21  -1.2418003387845133       -1.2495968336871923        4.1984040518327939E-004   6.5670167811048907        6.4548475087161855E-002  0.59936155235033062        20.485807978766672     
          22  -1.2260516371732024       -1.2338546055342832        4.6686204582763755E-004   6.5334289402592454        6.4614008416016042E-002  0.60213723797518415        20.527980482542340     
          23  -1.2102826511804232       -1.2180955777422593        5.1908944786017357E-004   6.4975970509972081        6.4684386863363835E-002  0.60512833900723462        20.573303532259565     
          24  -1.1944911277458512       -1.2023151183244816        5.7708815925707705E-004   6.4593836998847092        6.4759981308678133E-002  0.60835286740274686        20.622022437525484     
          25  -1.1786715764609721       -1.1865093259843424        6.4149744584227888E-004   6.4186475674354373        6.4841187397511615E-002  0.61183031287664902        20.674399748519555     
          26  -1.1628284323167113       -1.1706777632858034        7.1298351454863952E-004   6.3752514980951505        6.4928411560667698E-002  0.61558111638223001        20.730706542369116     
          27  -1.1469564231336529       -1.1548199231610958        7.9232209635646494E-004   6.3290558340813590        6.5022086690519898E-002  0.61962741079580264        20.791232700027745     
          28  -1.1310534277014004       -1.1389321374977730        8.8035683137574114E-004   6.2799086475130768        6.5122694913389581E-002  0.62399411195271204        20.856302096082693     
          29  -1.1151173672557038       -1.1230123065843796        9.7801809333177372E-004   6.2276598445567943        6.5230742578608822E-002  0.62870795489924391        20.926256828238802     
          30  -1.0991434776372653       -1.1070569841523004        1.0863497648016330E-003   6.1721530882186970        6.5346780515881095E-002  0.63379850838847918        21.001470831545646     
          31  -1.0831341986831797       -1.0910650741264583        1.2064519003941669E-003   6.1132391725157440        6.5471380158619141E-002  0.63929729173068384        21.082335111760624     
          32  -1.0670845400097542       -1.0750352327590504        1.3395864329956673E-003   6.0507699349487387        6.5605150416814029E-002  0.64523867679686220        21.169269220687035     
          33  -1.0509917013702388       -1.0589635846749914        1.4871264694576621E-003   5.9845893294964014        6.5748761789756346E-002  0.65166118962609654        21.262738002496501     
          34  -1.0348526276419252       -1.0428471996132054        1.6505833078067455E-003   5.9145481012344119        6.5902920825579733E-002  0.65860663311611012        21.363236014552786     
          35  -1.0186624935017807       -1.0266821206118875        1.8316365290212656E-003   5.8404974899154594        6.6068389729562430E-002  0.66612126387280224        21.471301594014683     
          36  -1.0024208914290627       -1.0104657721284935        2.0320782141062910E-003   5.7623018359318614        6.6245964632322976E-002  0.67425516570517685        21.587504352914944     
          37 -0.98612251907674908      -0.99419525328148250        2.2539287840002797E-003   5.6798342962659296        6.6436491578036314E-002  0.68306335873354218        21.712457242373844     
          38 -0.96976322758467304      -0.97786584880928573        2.4993888245647329E-003   5.5929706204266338        6.6640888309103863E-002  0.69260731370665740        21.846833372116318     
          39 -0.95333850039060863      -0.96147322208828312        2.7708721298777710E-003   5.5016025506530521        6.6860121602415543E-002  0.70295448513590186        21.991353852412505     
          40 -0.93684370770810155      -0.94501279835898655        3.0710194097225336E-003   5.4056377739011969        6.7095214956882157E-002  0.71417934385127646        22.146796209301737     
          41 -0.92027370294900013      -0.92847968394528568        3.4027238556643379E-003   5.3050025953667976        6.7347250254221461E-002  0.72636425671841931        22.313999522952120     
          42 -0.90362207475052170      -0.91186808708200739        3.7691700561390019E-003   5.1996414813737681        6.7617377467174097E-002  0.73960091345872447        22.493875797228785     
          43 -0.88688497641599284      -0.89517290254452120        4.1737706892082957E-003   5.0895302871838792        6.7906788704149845E-002  0.75399019837752734        22.687398835078113     
          44 -0.87005526611988881      -0.87838860358821647        4.6203156022830427E-003   4.9746737337382481        6.8216731179204251E-002  0.76964410075545497        22.895619566660379     
          45 -0.85312639774843557      -0.86150835090626332        5.1129141673248403E-003   4.8551022178679073        6.8548522155775948E-002  0.78668808780062360        23.119685232392872     
          46 -0.83609140557705108      -0.84452538334479654        5.6560420567750812E-003   4.7308848484778299        6.8903519117079509E-002  0.80526147286220007        23.360829718458490     
          47 -0.81894298048570613      -0.82743255881609701        6.2545657568274611E-003   4.6021300032606325        6.9283119810913507E-002  0.82551961991332867        23.620386237384540     
          48 -0.80167342774387362      -0.81022237013081766        6.9137716212976773E-003   4.4689888325696483        6.9688751293118592E-002  0.84763599186217742        23.899795117818844     
          49 -0.78427466892622988      -0.79288692525977711        7.6393951088414057E-003   4.3316581673068066        7.0121856314207337E-002  0.87180452887665438        24.200612806247769     
          50 -0.76673829845184605      -0.77541797709600346        8.4376489256956320E-003   4.1903833349933954        7.0583874442358155E-002  0.89824229226294861        24.524520803409974     
          51 -0.74905500599649677      -0.75780665648207202        9.3152837006092813E-003   4.0454579178493901        7.1076226714651775E-002  0.92719297002847978        24.873341244598279     
          52 -0.73121691653507559      -0.74004438311889764        1.0279504384419264E-002   3.8972323279583980        7.1600261294836445E-002  0.95892888340314408        25.249030225693385     
          53 -0.71321423022844732      -0.72212229752687851        1.1338166921953498E-002   3.7461095501006465        7.2157232237169175E-002  0.99375560953997355        25.653698364515662     
          54 -0.69503752142928699      -0.70403078809327180        1.2499703176711398E-002   3.5925398515883100        7.2748272223144117E-002   1.0320175053415153        26.089635717502937     
          55 -0.67667730159058603      -0.68576039422494506        1.3773175159422524E-002   3.4370259694228329        7.3374314912322366E-002   1.0741010886410141        26.559305690831906     
          56 -0.65812405504447735      -0.66730161051931602        1.5168309084016108E-002   3.2801174897997747        7.4036040653149893E-002   1.1204410387905390        27.065363328319240     
          57 -0.63936844361658784      -0.64864500880093368        1.6695518132070250E-002   3.1224061893621058        7.4733803884062852E-002   1.1715263382219874        27.610667781354124     
          58 -0.62040137035028076      -0.62978137087589803        1.8365934884556415E-002   2.9645196818922583        7.5467551514227557E-002   1.2279071607246939        28.198295352649222     
          59 -0.60121417141044042      -0.61070181781125032        2.0191434165867956E-002   2.8071132276002686        7.6236733813095023E-002   1.2902026467684247        28.831553779615163     
          60 -0.58179880092228176      -0.59139799836596141        2.2184654835932360E-002   2.6508602971367878        7.7040207465506091E-002   1.3591094669076749        29.513995852260926     
          61 -0.56214799442845265      -0.57186226304348919        2.4359022479534947E-002   2.4964414389576399        7.7876136759738604E-002   1.4354114874552673        30.249434702110264     
          62 -0.54225553545209371      -0.55208788042366563        2.6728759204621168E-002   2.3445322049823063        7.8741895121345773E-002   1.5199904728603526        31.041959018028351     
          63 -0.52211611604353536      -0.53206909623181275        2.9308940208580894E-002   2.1957890254191512        7.9633982327274311E-002   1.6138388745481274        31.895956602587948     
          64 -0.50172683645313632      -0.51180183261772560        3.2115336356805052E-002   2.0508395403731630        8.0547927098021374E-002   1.7180711047742008        32.816112270215271     
          65 -0.48108553822779110      -0.49128356803662127        3.5164649403645866E-002   1.9102667164906608        8.1478255015479520E-002   1.8339400359573343        33.807440312874995     
          66 -0.46019224275428289      -0.47051325923052756        3.8474350762009446E-002   1.7745949254321989        8.2418483668252177E-002   1.9628560668814388        34.875322018679405     
          67 -0.43904897270782145      -0.44949195259436242        4.2062708174461935E-002   1.6442822546975910        8.3361133905093546E-002   2.1064047402712487        36.025512051081812     
          68 -0.41765988953655958      -0.42822276739270138        4.5948758062599890E-002   1.5197107320291501        8.4297818381544251E-002   2.2663704652832983        37.264175897569338     
          69 -0.39603131524387847      -0.40671097401286593        5.0152277068421645E-002   1.4011801833625301        8.5219381597076857E-002   2.4447633383702789        38.597926215473095     
          70 -0.37417169748114426      -0.38496398663932191        5.4693741995971136E-002   1.2889049066779146        8.6116098735036867E-002   2.6438508393542284        40.033866999986095     
          71 -0.35209150377780729      -0.36299129190043644        5.9594277844031207E-002   1.1830135123993941        8.6977926176761589E-002   2.8661952409479801        41.579645010347470     
          72 -0.32980301806538220      -0.34080429281259517        6.4875598732476822E-002   1.0835517816847597        8.7794791749137124E-002   3.1146980639026376        43.243510458328394     
          73 -0.30732007725004529      -0.31841607430583979        7.0559934949316103E-002  0.99048830756082407        8.8556905162004429E-002   3.3926529152252973        45.034387678215360     
          74 -0.28465771719468913      -0.29584109304633144        7.6669956082434987E-002  0.90372243205843317        8.9255064796855924E-002   3.7038083188524400        46.961957160017697     
          75 -0.26183181889932911      -0.27309482322383277        8.3228672851318727E-002  0.82309393982530255        8.9880933935429355E-002   4.0524419987156231        49.036748300226556     
          76 -0.23885869394772974      -0.25019337130536901        9.0259338445992474E-002  0.74839375700169419        9.0427262809588391E-002   4.4434485039687930        51.270243900576567     
          77 -0.21575469681122519      -0.22715307503322424        9.7785334550207367E-002  0.67937492098318020        9.0888037955898213E-002   4.8824423609508001        53.674997697513554     
          78 -0.19253586223162716      -0.20399012843529293       0.10583004867149014       0.61576322288320484        9.1258549177590131E-002   5.3758788542899083        56.264763881117872     
          79 -0.16921759015862003      -0.18072024351638297       0.11441674319304225       0.55726694574554414        9.1535375697755716E-002   5.9311954036601957        59.054640221730409     
          80 -0.14581439632742565      -0.15735836885260779       0.12356841535562488       0.50358533560210395        9.1716302821135742E-002   6.5569769239817637        62.061225441546334     
          81 -0.12233973080154338      -0.13391847507391108       0.13330765042378936       0.45441560364352446        9.1800188036510549E-002   7.2631494236093159        65.302792151998773     
          82  -9.8805704403573683E-002 -0.11041332614414281       0.14365653956721433       0.40945826591634149        9.1786798841486231E-002   8.0612101924967110        68.799490301311224     
          83  -7.5223668400081822E-002  -8.6854644040289641E-002  0.15463624699982245       0.36842171954514075        9.1676642980035541E-002   8.9644866300272827        72.573520418102120     
          84  -5.1603275388335368E-002  -6.3252908544440267E-002  0.16626725140009371       0.33102466799928587        9.1470812454927442E-002   9.9884562808693591        76.649390613439195     
          85  -2.7953133208081675E-002  -3.9617236294399977E-002  0.17856892207926228       0.29699783530557072        9.1170841832598562E-002   11.151126270637841        81.054201107245120     
          86  -4.2807088531412506E-003  -1.5955649606834297E-002  0.19155942382278382       0.26608541346998921        9.0778597221943980E-002   12.473467467064587        85.817900702778431     
          87   1.9407561979321076E-002   7.7249139446838588E-003  0.20525553922729117       0.23804547043085417        9.0296188339984151E-002   13.979941980113479        90.973621606132397     
          88   4.3106219703369641E-002   3.1418519855191243E-002  0.21967252748134813       0.21265007124276145        8.9725902615906863E-002   15.699128689914652        96.558046277543966     
          89   6.6810668870445136E-002   5.5120152297921478E-002  0.23482395848209306       0.18968513348822960        8.9070156684074822E-002   17.664469422977739        102.61182188489973     
          90   9.0517088839698445E-002   7.8825613752868992E-002  0.25072156338773255       0.16895012256458636        8.8331461706953648E-002   19.915159097497028        109.18002511119022     
          91  0.11422233396898177       0.10253143027404585       0.26737508158260703       0.15025762855526451        8.7512398826885204E-002   22.497210681863478        116.31268857954468     
          92  0.13792389802425919       0.12623478465135884       0.28479215643636951       0.13343285650294759        8.6615601259067782E-002   25.464734608602022        124.06540571384906     
          93  0.16161975339835885       0.14993341650711578       0.30297814684219271       0.11831311081333080        8.5643743553168589E-002   28.881470753237753        132.50000544739439     
          94  0.18530838179386475       0.17362555985228692       0.32193607903980820       0.10474723203573870        8.4599533791712159E-002   32.822636238058614        141.68533175954329     
          95  0.20898858980998591       0.19730986328437999       0.34166644142093622        9.2595046135970971E-002   8.3485710113284151E-002   37.377149257769887        151.69812225847056     
          96  0.23265958027274344       0.22098533693100270       0.36216718100664569        8.1726799779457043E-002   8.2305037473576842E-002   42.650320411122600        162.62402240582492     
          97  0.25632077753353633       0.24465129741006716       0.38343350768047246        7.2022611026298367E-002   8.1060306680224584E-002   48.767109717994856        174.55874140075022     
          98  0.27997188361944869       0.26830731170004990       0.40545789079437111        6.3371929148116790E-002   7.9754334405624905E-002   55.876079236480052        187.60937755692402     
          99  0.30361277302980599       0.29195317041589541       0.42822992414827826        5.5672998510457136E-002   7.8389964243579566E-002   64.154208917047555        201.89595340959372     
         100  0.32724349083745025       0.31558883566561963       0.45173628195620857        4.8832346307311758E-002   7.6970070737254981E-002   73.812763495084170        217.55316970832001     
         101  0.35086420986460476       0.33921441813256270       0.47596064089569112        4.2764274529017841E-002   7.5497566926226806E-002   85.104478193656860        234.73244460225550     
         102  0.37447520493294700       0.36283014302168243       0.50088361264316561        3.7390373425713115E-002   7.3975414139496820E-002   98.332367333673218        253.60426332580482     
         103  0.39807677666566849       0.38643629840125887       0.52648263484057811        3.2639065503072766E-002   7.2406609163376753E-002   113.86052428991907        274.36088256852827     
         104  0.42166938415584049       0.41003326627617737       0.55273208219697889        2.8445138270032408E-002   7.0794171281179832E-002   132.12749450976290        297.21955411037402     
         105  0.44525344274878642       0.43362148326475608       0.57960301963840710        2.4749297187050500E-002   6.9141173572103129E-002   153.66280475153297        322.42621518213684     
         106  0.46882938966667181       0.45720137594143850       0.60706323961096986        2.1497757341212863E-002   6.7450728066802634E-002   179.10739716929888        350.25976738289688     
         107  0.49239775694932425       0.48077343021717828       0.63507732851105669        1.8641827765130282E-002   6.5725960352428600E-002   209.23919408409185        381.03725356740080     
         108  0.51595895324386631       0.50433811475533241       0.66360638553195561        1.6137520042821984E-002   6.3970050653689145E-002   245.00494956576435        415.11976267431095     
         109  0.53951363813554853       0.52789596706869069       0.69260847156469119        1.3945189153988631E-002   6.2186131820275999E-002   287.56022780058282        452.91966534190726     
         110  0.56306204743294930       0.55144742910358380       0.72203764064200726        1.2029114506368205E-002   6.0377699317643731E-002   338.32030281872602        494.90864992282621     
         111  0.58660481523287811       0.57499294120650912       0.75184509295013768        1.0357316068186616E-002   5.8547882286899354E-002   399.02230673973236        541.62779573804710     
         112  0.61014226571294183       0.59853297831033037       0.78197820147008423        8.9010933467842755E-003   5.6700063910327884E-002   471.80753253762634        593.69952580722179     
         113  0.63367489084543449       0.62206795075948440       0.81238116872435706        7.6348157140095525E-003   5.4837498707101064E-002   559.32292830680603        651.84157413374305     
         114  0.65720298892255480       0.64559825105957525       0.84299451854653096        6.5355929892575741E-003   5.2963597153499818E-002   664.85396783316082        716.88405043814987     
         115  0.68072702777804039       0.66912426456652230       0.87375568389189817        5.5830656306887676E-003   5.1081573335842324E-002   792.49245144362862        789.79004410852588     
         116  0.70424724806262995       0.69264634244411827       0.90459853474412166        4.7591285276628609E-003   4.9194684944261075E-002   947.35657681042994        871.68052949705327     
         117  0.72776382819732544       0.71616469338443423       0.93545331470244864        4.0476790644179278E-003   4.7306732270674244E-002   1135.8800044311354        963.86374242315947     
         118  0.75127725788340982       0.73967965565974358       0.96624776717987604        3.4345352938139899E-003   4.5420612077076837E-002   1366.1724563669093        1067.8731599656135     
         119  0.77478756120756664       0.76319147986139335       0.99690589156383980        2.9071111093394069E-003   4.3539801061084786E-002   1648.5235250270819        1185.5124480106228     
         120  0.79829498360661266       0.78670030374555944        1.0273496074377748        2.4543615568594869E-003   4.1666800255685733E-002   1996.0268765191315        1318.9119668519265     
         121  0.82179971427034915       0.81020634386347024        1.0574973064393403        2.0664487850756488E-003   3.9805884395139067E-002   2425.5024359214790        1470.5987491991366     
         122  0.84530202052538883       0.83370982952930850        1.0872655362921595        1.7348251367223521E-003   3.7959597196786904E-002   2958.5812195493945        1643.5824802741745     
         123  0.86880160799424477       0.85721073961985716        1.1165678532677612        1.4519424822398506E-003   3.6131349362029774E-002   3623.3350662037324        1841.4645272526293     
         124  0.89229867418283482       0.88070903235223508        1.1453171282556012        1.2112202876326317E-003   3.4323636000318090E-002   4456.3595100629946        2068.5781925554966     
         125  0.91579338182492309       0.90420488737525706        1.1734249991389278        1.0068785622640497E-003   3.2539249898121007E-002   5505.7835907454892        2330.1712430496677     
         126  0.93928543623310790       0.92769823252713168        1.2008016841491469        8.3386394416195490E-004   3.0781220279998130E-002   6835.3677965887500        2632.6288715918108     
         127  0.96277449339036802       0.95118874779015361        1.2273578330328989        6.8779440314275164E-004   2.9051619321600393E-002   8530.1406112212735        2983.7721975620611     
         128  0.98626066400059220       0.97467632265568072        1.2530048006202184        5.6482669736350152E-004   2.7353424311948937E-002   10704.809243633670        3393.2565399036703     
         129   1.0097437686367245       0.99816091884053026        1.2776553662917731        4.6163982342991932E-004   2.5688717699058609E-002   13515.294723995667        3873.0874932041697     
         130   1.0332237093782994        1.0216423987732752        1.3012248959218402        3.7534872667626832E-004   2.4059563788111520E-002   17175.966268792450        4438.3219892856878     
         131   1.0566995041792600        1.0451202105260169        1.3236309967368229        3.0344868568342833E-004   2.2468465113042867E-002   21985.079300471036        5107.9992037780039     
         132   1.0801713306287481        1.0685939675414999        1.3447977015248254        2.4378976155708151E-004   2.0916532153676642E-002   28362.185695444929        5906.4642747997132     
         133   1.1036370675496863        1.0920626669789215        1.3646538415356582        1.9451400352274377E-004   1.9404523108881109E-002   36906.056340288109        6865.2005841957589     
         134   1.1270964788478506        1.1155251556744783        1.3831358565866074        1.5399993402885986E-004   1.7935060603238843E-002   48487.304434014106        8025.4327963556007     
         135   1.1505480852908019        1.1389805591888940        1.4001879775495847        1.2086753717040944E-004   1.6509541301970142E-002   64390.652136366531        9441.8655971074877     
         136   1.1739913509564692        1.1624278826914907        1.4157658507616515        9.3935710061001941E-005   1.5128755516981651E-002   86550.120150799354        11188.276492592899     
         137   1.1974258741369239        1.1858666591850868        1.4298369301991669        7.2189019518009641E-005   1.3793836838589979E-002   117946.84125542140        13366.017953372551     
         138   1.2208512634415143        1.2092964922655445        1.4423820805025791        5.4760964749688575E-005   1.2505950466873583E-002   163294.12396041726        16117.076102115416     
         139   1.2442684110965785        1.2327176496553602        1.4533984749549032        4.0916022801582250E-005   1.1265652133806493E-002   230265.25922601076        19645.146855136907     
         140   1.2676762891449063        1.2561300376077937        1.4629005432273683        3.0030995921156178E-005   1.0072811043663192E-002   331783.60484624282        24250.457876953547     
         141   1.2910638171719553        1.2795274666213814        1.4709219339279018        2.1583485037983651E-005   8.9248393305321350E-003   490431.35252736806        30389.192872786894     
         142   1.3144504898720704        1.3029145554727377        1.4775190224208126        1.5102245546927203E-005   7.8306035145085662E-003   748274.34481504920        38784.819351466111     
         143   1.3377405984009685        1.3262516490927820        1.4827694707504442        1.0266231243603282E-005   6.7617412727769069E-003   1184567.1452757253        50622.706224522168     
         144   1.3609540864885887        1.3495024220958172        1.4867770619814069        6.6911316897542746E-006   5.7507239009081173E-003   1970784.6184067200        67993.767640936305     
         145   1.3840843182434057        1.3726731717412766        1.4896715108863248        4.1291491740210605E-006   4.7900580666633014E-003   3499202.1940721166        94837.364924435969     
         146   1.4070169605883491        1.3957019897722736        1.4916061313532514        2.3696971262535973E-006   3.8719081075383262E-003   6781794.6804250134        139242.30768456231     
         147   1.4295394999447646        1.4184242164480945        1.4927602557444308        1.2250455285914980E-006   3.0034551226955212E-003   14894886.456729315        219883.91743737669     
         148   1.4506890924975984        1.4402430283056817        1.4933318157930759        5.4715081363212312E-007   2.2090346907179996E-003   38885857.701239109        383641.30648537382     
         149   1.4583708397496631        1.4545469501270210        1.4935307680093484        2.7926417238412321E-007   1.7693875682180502E-003   85128168.897979259        600013.54858328751     
         150   1.5048968305263113        1.4822565789071156        1.4935595260060446        1.0187149987236053E-008   2.7822935491798168E-004   5884991300.5267286        7922319.0676064715     
