           1  -1.9964723602753978       -2.2975023559393790        4.9340754158181852E-005   139.05149925406783       0.12355721470033773        2.0459276390651492E-002   3.2177941762263034     
           2  -1.9784871412739062       -1.9873866558228885        5.4948311171684085E-005   136.21900454609136       0.12354935932681507        2.0885364007599751E-002   3.2511802950233224     
           3  -1.9611724721854993       -1.9697435237106582        6.1189783475984610E-005   135.97991840088264       0.12355398794891621        2.0921693716092756E-002   3.2539762746201020     
           4  -1.9442310103736860       -1.9526191374980211        6.8137709223710144E-005   135.74591243320754       0.12354613795399648        2.0958425442539525E-002   3.2568832195364461     
           5  -1.9275618219598025       -1.9358164460083609        7.5871406269843931E-005   135.48477322644592       0.12355216794510661        2.0998309185097368E-002   3.2599408833092149     
           6  -1.9110652245552004       -1.9192352004321196        8.4478969949034217E-005   135.22178796732209       0.12354701086668143        2.1039586718706826E-002   3.2631774848140531     
           7  -1.8947362751119672       -1.9028240107495749        9.4053355316798528E-005   134.93526740384289       0.12354891916164525        2.1084099192990428E-002   3.2666149234754096     
           8  -1.8785245365860721       -1.8865547644297282        1.0471254452820816E-004   134.63563242761879       0.12354702754680676        2.1131184151221224E-002   3.2702729051153248     
           9  -1.8624326321199842       -1.8704040569907614        1.1656704710366766E-004   134.31540784549679       0.12354678538434158        2.1181584272516915E-002   3.2741721611549282     
          10  -1.8464244894651811       -1.8543548072290339        1.2976215766879255E-004   133.97564126432525       0.12354583102202218        2.1235383477428687E-002   3.2783338978915428     
          11  -1.8305014119293566       -1.8383899788403990        1.4443457840648889E-004   133.61370923055526       0.12354504970143666        2.1292973089871742E-002   3.2827814413175105     
          12  -1.8146300870522998       -1.8224932511781846        1.6076257275145767E-004   133.22816365350570       0.12354414055446175        2.1354670853215612E-002   3.2875400847136147     
          13  -1.7988120778556453       -1.8066490703756402        1.7891561706495008E-004   132.81701028059564       0.12354318573911345        2.1420859958096342E-002   3.2926373932720878     
          14  -1.7830213196503617       -1.7908449345696009        1.9911170646267029E-004   132.37831541370940       0.12354215657884993        2.1491937094325651E-002   3.2981024326246793     
          15  -1.7672574652550834       -1.7750678725868232        2.2156128572587536E-004   131.90994489334523       0.12354105234045384        2.1568344560570375E-002   3.3039672696378624     
          16  -1.7515062295915897       -1.7593104420065215        2.4652174520531345E-004   131.40980456374820       0.12353986552153262        2.1650536790968549E-002   3.3102645809725315     
          17  -1.7357525572433254       -1.7435579659075935        2.7427978619505073E-004   130.87541159736384       0.12353858882783159        2.1739053002864446E-002   3.3170331033484275     
          18  -1.7200013349796264       -1.7278055408161452        3.0512516515219482E-004   130.30444572827184       0.12353721478550057        2.1834430252103930E-002   3.3243109074626562     
          19  -1.7042409523078290       -1.7120496552747233        3.3940688374415565E-004   129.69452301078704       0.12353573547340302        2.1937243767456874E-002   3.3321384141945325     
          20  -1.6884667496049626       -1.6962822371652688        3.7750221597641545E-004   129.04294668898672       0.12353414181021853        2.2048153669203985E-002   3.3405618493307467     
          21  -1.6726702912257836       -1.6804967044143690        4.1984040518327939E-004   128.34692200185995       0.12353242400946389        2.2167874819238417E-002   3.3496308161527670     
          22  -1.6568567255784683       -1.6646915367747253        4.6686204582763755E-004   127.60373478590289       0.12353057195286110        2.2297151674416992E-002   3.3593962650617155     
          23  -1.6410184786141393       -1.6488654056439234        5.1908944786017357E-004   126.81058732013925       0.12352857471335307        2.2436792461206535E-002   3.3699129443130675     
          24  -1.6251528119953593       -1.6330131986725112        5.7708815925707705E-004   125.96437417307838       0.12352641989076429        2.2587717078804893E-002   3.3812428186241963     
          25  -1.6092536938935031       -1.6171305005114076        6.4149744584227888E-004   125.06189387514432       0.12352409401877551        2.2750930315774257E-002   3.3934528150871404     
          26  -1.5933250249668203       -1.6012163363190115        7.1298351454863952E-004   124.10002665389011       0.12352158290294440        2.2927499941780456E-002   3.4066129454058784     
          27  -1.5773609016831014       -1.5852696147976855        7.9232209635646494E-004   123.07558584162720       0.12351887110578640        2.3118594706527766E-002   3.4207988796230713     
          28  -1.5613585310774880       -1.5692860159907314        8.8035683137574114E-004   121.98510003943964       0.12351594119483891        2.3325540030615818E-002   3.4360957287527154     
          29  -1.5453151000624024       -1.5532627365016980        9.7801809333177372E-004   120.82512450371837       0.12351277435947614        2.3549777604729188E-002   3.4525946232609832     
          30  -1.5292250191127181       -1.5371955491140834        1.0863497648016330E-003   119.59206066743968       0.12350934969699630        2.3792919392891659E-002   3.4703962221848936     
          31  -1.5130898748935149       -1.5210825186082986        1.2064519003941669E-003   118.28245200444631       0.12350564476856381        2.4056712469503902E-002   3.4896075747808437     
          32  -1.4969036796715789       -1.5049213740237586        1.3395864329956673E-003   116.89284785644821       0.12350163494301325        2.4343090130879739E-002   3.5103452377227993     
          33  -1.4806625475590729       -1.4887071976716766        1.4871264694576621E-003   115.41960376318876       0.12349729246304256        2.4654244737546804E-002   3.5327397612402427     
          34  -1.4643622183274303       -1.4724359126132487        1.6505833078067455E-003   113.85920675299063       0.12349258696285972        2.4992597899340899E-002   3.5569325758506665     
          35  -1.4479965089209526       -1.4561022786595004        1.8316365290212656E-003   112.20813455178633       0.12348748458527203        2.5360872201466621E-002   3.5830800488592733     
          36  -1.4315635512622780       -1.4397023103643727        2.0320782141062910E-003   110.46313639833589       0.12348194830332299        2.5762078150578422E-002   3.6113512604367095     
          37  -1.4150563583943510       -1.4232315313660384        2.2539287840002797E-003   108.62113798704242       0.12347593703584868        2.6199589468794516E-002   3.6419318478850822     
          38  -1.3984689120361744       -1.4066834473986287        2.4993888245647329E-003   106.67910335292281       0.12346940445934089        2.6677244340057214E-002   3.6750292409951095     
          39  -1.3817945973380534       -1.3900517353376594        2.7708721298777710E-003   104.63433563495012       0.12346229912532758        2.7199354585518268E-002   3.7108710514950438     
          40  -1.3650264291669094       -1.3733295906260992        3.0710194097225336E-003   102.48447909408328       0.12345456351394671        2.7770795974920947E-002   3.7497087037983428     
          41  -1.3481566053938339       -1.3565096105685521        3.4027238556643379E-003   100.22758321244572       0.12344613313073487        2.8397100366279689E-002   3.7918205822555096     
          42  -1.3311756993252639       -1.3395831635073059        3.7691700561390019E-003   97.862098165203861       0.12343693514942813        2.9084587736452224E-002   3.8375171348291701     
          43  -1.3140765169287858       -1.3225419592466092        4.1737706892082957E-003   95.387179823182777       0.12342688804775354        2.9840431684723411E-002   3.8871406930698771     
          44  -1.2968480647406644       -1.3053768648978281        4.6203156022830427E-003   92.802643568901161       0.12341589970653612        3.0672847510285969E-002   3.9410724925849285     
          45  -1.2794794492518937       -1.2880769355206501        5.1129141673248403E-003   90.108905964786274       0.12340386504482408        3.1591329413131176E-002   3.9997414116460228     
          46  -1.2619587655767683       -1.2706307590832457        5.6560420567750812E-003   87.307294354140410       0.12339066486212197        3.2606810398726697E-002   4.0636260622881739     
          47  -1.2442730872340324       -1.2530259063783036        6.2545657568274611E-003   84.400080172709409       0.12337616317377464        3.3731954880590463E-002   4.1332635139393474     
          48  -1.2264083208681757       -1.2352488518080569        6.9137716212976773E-003   81.390582795950010       0.12336020435953762        3.4981489823699537E-002   4.2092578919637846     
          49  -1.2083490903893432       -1.2172848429605323        7.6393951088414057E-003   78.283264722816682       0.12334260970766285        3.6372613209794312E-002   4.2922906561622023     
          50  -1.1900786600732232       -1.1991178044702915        8.4376489256956320E-003   75.083829752414559       0.12332317330003488        3.7925493270965609E-002   4.3831325089145849     
          51  -1.1715781737918154       -1.1807299117330725        9.3152837006092813E-003   71.799256928254991       0.12330165666531773        3.9663916440016427E-002   4.4826592106069727     
          52  -1.1528289270856475       -1.1621023786041409        1.0279504384419264E-002   68.438040056317575       0.12327778381147690        4.1615970517703806E-002   4.5918634312948639     
          53  -1.1338086507415304       -1.1432146711955549        1.1338166921953498E-002   65.010139320156156       0.12325123334433358        4.3815045428832529E-002   4.7118772575498582     
          54  -1.1144936835130341       -1.1240437983855325        1.2499703176711398E-002   61.526914772735260       0.12322162870248828        4.6301108576615672E-002   4.8439997549423603     
          55  -1.0948582597414829       -1.1045650109056504        1.3773175159422524E-002   58.001297743463589       0.12318852843135449        4.9122126095172275E-002   4.9897198770175377     
          56  -1.0748742597514009       -1.0847513247644769        1.5168309084016108E-002   54.447717032815575       0.12315141253763345        5.2336012020002029E-002   5.1507517400086815     
          57  -1.0545111122123814       -1.0645733488107376        1.6695518132070250E-002   50.882042793788109       0.12310966623918397        5.6013070999776829E-002   5.3290746958337225     
          58  -1.0337355194985907       -1.0439990959652941        1.8365934884556415E-002   47.321483376084849       0.12306255999280757        6.0239128131827656E-002   5.5269814437361209     
          59  -1.0125112996793770       -1.0229937675186043        2.0191434165867956E-002   43.784426715291296       0.12300922487480918        6.5119565084197834E-002   5.7471360644060558     
          60 -0.99079921010480843       -1.0015195849239844        2.2184654835932360E-002   40.290233091408560       0.12294862239533984        7.0784535517101246E-002   5.9926433363604481     
          61 -0.96855674911667011      -0.97953560127314743        2.4359022479534947E-002   36.858961957658281       0.12287950728639824        7.7395759985464385E-002   6.2671324511513857     
          62 -0.94573809721022362      -0.95699757351822035        2.6728759204621168E-002   33.511042474031115       0.12280038191574803        8.5155401906150271E-002   6.5748572211346028     
          63 -0.92229364100771316      -0.93385768847827699        2.9308940208580894E-002   30.266856036392468       0.12270943969632110        9.4317808751759755E-002   6.9208193294958757     
          64 -0.89817150616425023      -0.91006511733445894        3.2115336356805052E-002   27.146369599631853       0.12260449941596849       0.10520467474334926        7.3109038271592564     
          65 -0.87331555183854936      -0.88556573081739220        3.5164649403645866E-002   24.168575407158954       0.12248292202527189       0.11822550522270443        7.7520552384582393     
          66 -0.84766719174822580      -0.86030205819834726        3.8474350762009446E-002   21.350932242817542       0.12234151129131662       0.13390482836215367        8.2524863061220284     
          67 -0.82116564265591241      -0.83421430112903505        4.2062708174461935E-002   18.708890342286267       0.12217640143576929       0.15291789315605736        8.8219069890943143     
          68 -0.79374894189220768      -0.80724097859573307        4.5948758062599890E-002   16.255341127227467       0.12198292551801147       0.17613853901081195        9.4718014937094139     
          69 -0.76535533439769809      -0.77932013732574013        5.0152277068421645E-002   14.000132697541197       0.12175547110279700       0.20470271613496194        10.215740096168362     
          70 -0.73592520793992133      -0.75039102592598317        5.4693741995971136E-002   11.949661007041712       0.12148732959066071       0.24009268133851169        11.069725928223638     
          71 -0.70540365298643792      -0.72039635957239845        5.9594277844031207E-002   10.106576692828870       0.12117055313330714       0.28424797461685769        12.052567456791829     
          72 -0.67374366240008232      -0.68928522059293262        6.4875598732476822E-002   8.4696402848188885       0.12079584157154633       0.33971055615588808        13.186261352732579     
          73 -0.64090999765605838      -0.65701661629613384        7.0559934949316103E-002   7.0337552682213200       0.12035249313214241       0.40981249993647001        14.496360535568137     
          74 -0.60688353635487469      -0.62356361055727183        7.6669956082434987E-002   5.7901961031308691       0.11982846414879271       0.49891519471354678        16.012292733689108     
          75 -0.57166593384272335      -0.58891785172266387        8.3228672851318727E-002   4.7270335862823529       0.11921059278049533       0.61270847591133049        17.767584364602047     
          76 -0.53528402877968573      -0.55309411757508598        9.0259338445992474E-002   3.8297370120587875       0.11848504188353588       0.75857632579389045        19.799941851907388     
          77 -0.49779346935179275      -0.51613432709566198        9.7785334550207367E-002   3.0819118338721085       0.11763800126564773       0.94603231409833477        22.151147568507461     
          78 -0.45928080844646579      -0.47811037222101604       0.10583004867149014        2.4661128666589942       0.11665665277473580        1.1872229830558392        24.866744033537518     
          79 -0.41986339193974109      -0.43912505337923752       0.11441674319304225        1.9646597727416371       0.11553034035647776        1.4974923785366381        27.995514362136454     
          80 -0.37968659066669092      -0.39931055986471792       0.12356841535562488        1.5603812271308017       0.11425181311534587        1.8959973801136685        31.588808517694481     
          81 -0.33891831795190686      -0.35882425281371133       0.13330765042378936        1.2372254502001581       0.11281834372780458        2.4063638525913422        35.699807285924862     
          82 -0.29774100645506768      -0.31784182033623942       0.14365653956721433       0.98069608090096094       0.11123249106421028        3.0573821700303467        40.382862705923081     
          83 -0.25634364151106892      -0.27654925606248276       0.15463624699982245       0.77810576024254419       0.10950235226150729        3.8837355049414182        45.692941265319014     
          84 -0.21491087354486843      -0.23513334622319579       0.16626725140009371       0.61865101019419888       0.10764114794368058        4.9268020475733101        51.685429610692267     
          85 -0.17361587222595390      -0.19377273946005502       0.17856892207926228       0.49335197681478860       0.10566623722218742        6.2355534468755591        58.416239537687865     
          86 -0.13261370520739024      -0.15263108648140100       0.19155942382278382       0.39489719312564353       0.10359773295144320        7.8675738338519681        65.942135091344909     
          87  -9.2037374582151429E-002 -0.11185182903057618       0.20525553922729117       0.31743252499805463       0.10145692697549726        9.8902603573051966        74.321350089883495     
          88  -5.1996063441223414E-002  -7.1555413632916037E-002  0.21967252748134813       0.25633235298097906        9.9264786893393880E-002   12.382232903484743        83.614353215663215     
          89  -1.2575450381766193E-002  -3.1838637613099796E-002  0.23482395848209306       0.20797768727787921        9.7040711546653655E-002   15.434987045649830        93.884694110529523     
          90   2.6160567187434747E-002   7.2242879126377469E-003  0.25072156338773255       0.16955634157356317        9.4801650222283540E-002   19.154817296831041        105.19986601765802     
          91   6.4167240220452129E-002   4.5579533689569587E-002  0.26737508158260703       0.13889202815542206        9.2561605358851884E-002   23.665039907113957        117.63215547766637     
          92  0.10141603310451698        8.3190861026207805E-002  0.28479215643636951       0.11430357682740948        9.0331473679624560E-002   29.108553978115580        131.25948500403987     
          93  0.13789145367487879       0.12003656699926336       0.30297814684219271        9.4492192926620380E-002   8.8119156502712959E-002   35.650769341956575        146.16622287580222     
          94  0.17358839386804317       0.15610658540406527       0.32193607903980820        7.8452860813874065E-002   8.5929842133053463E-002   43.482970824966280        162.44402979249995     
          95  0.20850947840331782       0.19139983679482125       0.34166644142093622        6.5405754884929612E-002   8.3766391514052671E-002   52.826171123907336        180.19273168359754     
          96  0.24266319577370996       0.22592198950709055       0.36216718100664569        5.4743591165398189E-002   8.1629754185495285E-002   63.935559794182893        199.52130094256279     
          97  0.27606205075401796       0.25968360614146913       0.38343350768047246        4.5991473980181816E-002   7.9519380129111167E-002   77.105645720845402        220.54895116228653     
          98  0.30872141093521643       0.29269866042029624       0.40545789079437111        3.8776345613236743E-002   7.7433594450791718E-002   92.676241504091266        243.40640688841825     
          99  0.34065842418500053       0.32498342320996104       0.42822992414827826        3.2803753322692891E-002   7.5369925283018543E-002   111.03948022762434        268.23740746412693     
         100  0.37189133571558441       0.35655558942788002       0.45173628195620857        2.7840171277796828E-002   7.3325383169916603E-002   132.64806730072098        295.20046148283973     
         101  0.40243894937935221       0.38743367128672762       0.47596064089569112        2.3699504411898470E-002   7.1296693780430839E-002   158.02508773245015        324.47095450317357     
         102  0.43232027280713031       0.41763655582147041       0.50088361264316561        2.0232757693354943E-002   6.9280494363412423E-002   187.77571767933080        356.24364422652184     
         103  0.46155423726780404       0.44718318936649509       0.52648263484057811        1.7320095158928624E-002   6.7273504651847074E-002   222.60130173828207        390.73560802960264     
         104  0.49015978406510180       0.47609248724582154       0.55273208219697889        1.4864697090042756E-002   6.5272672349197605E-002   263.31660046159163        428.18990620749958     
         105  0.51815560943994321       0.50438324376165733       0.57960301963840710        1.2788005661750920E-002   6.3275320700545604E-002   310.87085140798246        468.87984694120672     
         106  0.54556032979430946       0.53207409432081976       0.60706323961096986        1.1026018324225754E-002   6.1279296512254562E-002   366.37379632379918        513.11405829499381     
         107  0.57239272072954794       0.55918371840756020       0.63507732851105669        9.5263749561860581E-003   5.9283114725539154E-002   431.12858833737585        561.24283762807636     
         108  0.59867167702791591       0.58573093448447722       0.66360638553195561        8.2460785476953964E-003   5.7286126148571495E-002   506.67305049649252        613.66547842838145     
         109  0.62441694644060797       0.61173505842063192       0.69260847156469119        7.1496847425345190E-003   5.5288672074952423E-002   594.83296401743939        670.83950252808154     
         110  0.64964861376431249       0.63721599320592859       0.72203764064200726        6.2078825258814318E-003   5.3292269062742273E-002   697.78945812062125        733.29091277483678     
         111  0.67438858212936992       0.66219474089788777       0.75184509295013768        5.3963499992494618E-003   5.1299729189532420E-002   818.16774507302284        801.62741813513674     
         112  0.69866017175923889       0.68669391438832650       0.78197820147008423        4.6948492621413044E-003   4.9315249180046310E-002   959.15265030519367        876.55407213665342     
         113  0.72248917335428620       0.71073808417265683       0.81238116872435706        4.0865103839932311E-003   4.7344410459967956E-002   1124.6387329235433        958.89155571853314     
         114  0.74590386601286796       0.73435429898630267       0.84299451854653096        3.5572562007597668E-003   4.5394043252116566E-002   1319.4271651952090        1049.5983708590611     
         115  0.76893582251875148       0.75757250820974587       0.87375568389189817        3.0953445860482580E-003   4.3471908801017325E-002   1549.4823784737191        1149.7973340179178     
         116  0.79161964962871012       0.78042582036731312       0.90459853474412166        2.6910019660168335E-003   4.1586189667015896E-002   1822.2645222621506        1260.8069133948779     
         117  0.81399278386589813       0.80295027274357789       0.93545331470244864        2.3361280392240166E-003   3.9744797990034185E-002   2147.1540820601545        1384.1771831947972     
         118  0.83609571385781223       0.82518484666424752       0.96624776717987604        2.0240373757937067E-003   3.7954495753469417E-002   2536.0035614569365        1521.7358674793502     
         119  0.85796997279186504       0.84717054730662633       0.99690589156383980        1.7492396292703540E-003   3.6220065633066990E-002   3003.8350169641571        1675.6406351014452     
         120  0.87965784633850674       0.86894927710137271        1.0273496074377748        1.5072304631982166E-003   3.4543627448167663E-002   3569.7381959711493        1848.4442298830584     
         121  0.90119954152186843       0.89056224302181719        1.0574973064393403        1.2942922868182220E-003   3.2924387811926130E-002   4258.0306444891257        2043.1728935346230     
         122  0.92263257364912710       0.91204826288477425        1.0872655362921595        1.1073050718968004E-003   3.1358909446807054E-002   5099.7893225315302        2263.4246116723230     
         123  0.94398941079973386       0.93344225930263847        1.1165678532677612        9.4357880178539029E-004   2.9841938297262983E-002   6134.9116167582833        2513.4922600717487     
         124  0.96529824132753939       0.95477450373104145        1.1453171282556012        8.0072017435445372E-004   2.8367498770903596E-002   7414.9581947021734        2798.5253566080742     
         125  0.98658225112190101       0.97607061967062669        1.1734249991389278        6.7654473177732836E-004   2.6929961762714807E-002   9007.1130783057615        3124.7410108767567     
         126   1.0078595624197138       0.99735119817565554        1.2008016841491469        5.6903708904295074E-004   2.5524805210030640E-002   10999.633315392211        3499.6825235800611     
         127   1.0291449326847106        1.0186326376638848        1.2273578330328989        4.7633376528422277E-004   2.4148839590115049E-002   13509.538046853217        3932.5688672674237     
         128   1.0504502344023914        1.0399282179376035        1.2530048006202184        3.9671998373613072E-004   2.2800086210178400E-002   16693.510627719894        4434.7574373930465     
         129   1.0717849676130029        1.0612485965357172        1.2776553662917731        3.2863101890723571E-004   2.1477522536519786E-002   20763.442281879219        5020.3475733534906     
         130   1.0931569633218365        1.0826024189332457        1.3012248959218402        2.7064924944793180E-004   2.0180796796985589E-002   26009.021771955871        5706.9962315658895     
         131   1.1145713212445882        1.1039961173301085        1.3236309967368229        2.2149953001214873E-004   1.8910027645783607E-002   32830.773057120023        6516.9991991350844     
         132   1.1360334970155224        1.1254349741704448        1.3447977015248254        1.8003858888575465E-004   1.7665519539867520E-002   41789.886576498175        7478.8383547509484     
         133   1.1575465430783320        1.1469232141870129        1.3646538415356582        1.4524511654859105E-004   1.6447745006202913E-002   53684.050769857102        8629.3126078601108     
         134   1.1791131908546924        1.1684637255958634        1.3831358565866074        1.1620887735483364E-004   1.5257551178737720E-002   69665.583121081596        10016.548160730148     
         135   1.2007344024400621        1.1900583333905537        1.4001879775495847        9.2123183185526222E-005   1.4095998054018014E-002   91428.827106845434        11704.362674520306     
         136   1.2224118630820631        1.2117083703550862        1.4157658507616515        7.2276809839817843E-005   1.2964027398740160E-002   121515.32548442227        13778.777786768289     
         137   1.2441467848148877        1.2334152793744642        1.4298369301991669        5.6043252921984895E-005   1.1862633466206998E-002   163827.23783936494        16357.914377417246     
         138   1.2659398771679757        1.2551800150479662        1.4423820805025791        4.2873455754008379E-005   1.0792938874378223E-002   224513.08147175511        19607.221273293610     
         139   1.2877930173533845        1.2770038855031478        1.4533984749549032        3.2289019475547086E-005   9.7557825085784304E-003   313555.25823519542        23764.116385525667     
         140   1.3097064281839956        1.2988879200814443        1.4629005432273683        2.3875262804328342E-005   8.7513874097518117E-003   447727.10231817485        29178.812869105299     
         141   1.3316742065887996        1.3208292012167748        1.4709219339279018        1.7274860749567729E-005   7.7788359180368406E-003   656338.89161760162        36384.429609985375     
         142   1.3537116688883912        1.3428327039773846        1.4775190224208126        1.2164491027454712E-005   6.8430802073713611E-003   993757.09514529572        46228.240888275570     
         143   1.3757481756980612        1.3648696764137402        1.4827694707504442        8.3097072671273392E-006   5.9252221816771906E-003   1563370.6526802541        60108.372847188090     
         144   1.3978083931752256        1.3869183394296927        1.4867770619814069        5.4372893068682100E-006   5.0475576899375848E-003   2588671.3238736414        80509.714694288123     
         145   1.4199227820121529        1.4090063311986503        1.4896715108863248        3.3602078185869343E-006   4.2051237922504925E-003   4589279.0889845435        112203.83281190258     
         146   1.4420819880712930        1.4311436996273577        1.4916061313532514        1.9198513826792587E-006   3.3876200891751148E-003   8949217.0066894833        165386.09719064811     
         147   1.4644138616546480        1.4533914500699847        1.4927602557444308        9.7038194703017037E-007   2.5882062829436980E-003   20256194.017431825        266139.51205879345     
         148   1.4878056779174385        1.4762672409726096        1.4933318157930759        3.8572020345617392E-007   1.7620868790322636E-003   61760948.082960829        511599.72432593029     
         149   1.4989057198133262        1.4933911608565296        1.4935307680093484        1.4778049462382818E-007   1.1659244612305280E-003   198174457.14397851        1016099.8544551983     
         150   1.5048968305263113        1.5019116060410551        1.4935595260060446        6.9067743677628000E-008   1.0405804981354018E-003   448835180.35234106        1573275.1338663716     
