           1  -1.9732261911090931       -2.2742561867730742        3.8741305552631645E-006   9.5596317845413719        5.8685697901446456E-003   1.3655031257560954        56.311025295872902     
           2  -1.9454948888629802       -1.9591392343557905        4.5124031050937080E-006   7.8316761334479041        6.9478413959466424E-003   1.5318644318013819        57.177853329316250     
           3  -1.9184478309100614       -1.9317608388050851        5.2551610870841630E-006   7.6593362798842586        7.0787915693419721E-003   1.5517769623483204        57.280265567612638     
           4  -1.8918835763010176       -1.9049626300934390        6.1193490855780492E-006   7.4883620716147634        7.2132225319993101E-003   1.5723473743136849        57.388129713592235     
           5  -1.8656649601178035       -1.8785764440663213        7.1246217592150102E-006   7.3177965209319220        7.3520151031039923E-003   1.5937363399823665        57.502508933004947     
           6  -1.8396938115610229       -1.8524852778939154        8.2937683421979099E-006   7.1470629272844706        7.4958399755347214E-003   1.6160777122645205        57.624370995655987     
           7  -1.8138969287332842       -1.8266038579991384        9.6532015343253937E-006   6.9758307920732028        7.6452297631085997E-003   1.6394900730485933        57.754644408306383     
           8  -1.7882182205827282       -1.8008678128579150        1.1233520052176498E-005   6.8039395977325468        7.8006174843314804E-003   1.6640832893647914        57.894250809452103     
           9  -1.7626141039838779       -1.7752275011633982        1.3070155332889411E-005   6.6313533059591441        7.9623565257973695E-003   1.6899623263364336        58.044123924966378     
          10  -1.7370505814421384       -1.7496442792583069        1.5204114233635094E-005   6.4581305142561192        8.1307311045473608E-003   1.7172296685804451        58.205221461455139     
          11  -1.7115012091335471       -1.7240880399438736        1.7682831061710688E-005   6.2844024475156646        8.3059622823367200E-003   1.7459871118288592        58.378533647508497     
          12  -1.6859455773136394       -1.6985354458337558        2.0561143908211962E-005   6.1103550723221662        8.4882121239515107E-003   1.7763373194651866        58.565090404293244     
          13  -1.6603681225885645       -1.6729685814800641        2.3902412046298285E-005   5.9362137418849459        8.6775872216823934E-003   1.8083853339651017        58.765968129174439     
          14  -1.6347571794881208       -1.6473738893189473        2.7779793093826509E-005   5.7622297721462905        8.8741421106180978E-003   1.8422401297280520        58.982296558133839     
          15  -1.6091042164302329       -1.6217413164178136        3.2277700726063176E-005   5.5886687657787641        9.0778827659694136E-003   1.8780162459368011        59.215265930278285     
          16  -1.5834032178118966       -1.5960636257796397        3.7493465948199080E-005   5.4158006471302054        9.2887702162694520E-003   1.9158355178677984        59.466134577281657     
          17  -1.5576501826183997       -1.5703358384549486        4.3539227283243737E-005   5.2438914014740163        9.5067242248388483E-003   1.9558289173546695        59.736237026406030     
          18  -1.5318427157781236       -1.5445547798929182        5.0544077673275542E-005   5.0731964968203931        9.7316269391396811E-003   1.9981385105525178        60.026992699113080     
          19  -1.5059796932661904       -1.5187187092385255        5.8656498394410427E-005   4.9039559356371507        9.9633263654955520E-003   2.0429195407147644        60.339915290478977     
          20  -1.4800609861203671       -1.4928270147326983        6.8047112797824840E-005   4.7363908480284804        1.0201639492649723E-002   2.0903426445663569        60.676622920756060     
          21  -1.4540872320966789       -1.4668799622204394        7.8911795143583020E-005   4.5707015006138940        1.0446354867537941E-002   2.1405962133679561        61.038849157717046     
          22  -1.4280596465985982       -1.4408784869942917        9.1475172103685836E-005   4.4070665580020414        1.0697234429614809E-002   2.1938889147379665        61.428455017255082     
          23  -1.4019798667241126       -1.4148240217468135        1.0599455656486406E-004   4.2456433987610822        1.0954014444045132E-002   2.2504523995476693        61.847442061164493     
          24  -1.3758498238145196       -1.3887183552696807        1.2276435502187294E-004   4.0865692596233316        1.1216405441055958E-002   2.3105442300694006        62.297966726090046     
          25  -1.3496716408337321       -1.3625635177697644        1.4212099094855669E-004   3.9299629663666922        1.1484091161215402E-002   2.3744510805721930        62.782356036940229     
          26  -1.3234475513942463       -1.3363616893814312        1.6444838686127992E-004   3.7759270130293783        1.1756726606962625E-002   2.4424922784109335        63.303124881771105     
          27  -1.2971798374383727       -1.3101151287895716        1.9018404710255149E-004   3.6245497753672726        1.2033935386470128E-002   2.5150237705768914        63.862995053048294     
          28  -1.2708707826533516       -1.2838261190071405        2.1982578138399076E-004   3.4759076871389167        1.2315306586625959E-002   2.5924426161832099        64.464916291925462     
          29  -1.2445226387847725       -1.2574969274291286        2.5393910550402930E-004   3.3300672611444639        1.2600391418205056E-002   2.6751921189972312        65.112089607489210     
          30  -1.2181376021954295       -1.2311297774206744        2.9316535001716826E-004   3.1870868904352059        1.2888699843527569E-002   2.7637677268651175        65.807993181953876     
          31  -1.1917177983135807       -1.2047268289386395        3.3823049955276511E-004   3.0470184092430235        1.3179697342103353E-002   2.8587238388300924        66.556411216169408     
          32  -1.1652652719906709       -1.1782901660237857        3.8995477449452231E-004   2.9099084225796465        1.3472801913457193E-002   2.9606816785082097        67.361466118638020     
          33  -1.1387819821881207       -1.1518217893890077        4.4926295233440499E-004   2.7757994278724865        1.3767381373988379E-002   3.0703384161437786        68.227654496978161     
          34  -1.1122697997826303       -1.1253236127134465        5.1719540768050526E-004   2.6447307549928945        1.4062750982407338E-002   3.1884777533420370        69.159887475104497     
          35  -1.0857305075904737       -1.0987974615919516        5.9491982709537013E-004   2.5167393475197612        1.4358171423728517E-002   3.3159822248528883        70.163535934070538     
          36  -1.0591658019510486       -1.0722450743637690        6.8374352715569367E-004   2.3918604022779708        1.4652847188544930E-002   3.4538475219501397        71.244481361455172     
          37  -1.0325772953877028       -1.0456681042522002        7.8512627089251993E-004   2.2701278786758783        1.4945925395872164E-002   3.6031992032753615        72.409173095433161     
          38  -1.0059665199902510       -1.0190681223983191        9.0069343872099621E-004   2.1515748851914074        1.5236495119820049E-002   3.7653122335254059        73.664692867608423     
          39 -0.97933493125365045      -0.99244662147951757        1.0322493648700106E-003   2.0362339476363740        1.5523587290555732E-002   3.9416338809038312        75.018827686073408     
          40 -0.95268391217120363      -0.96580501968025423        1.1817905991466629E-003   1.9241371622950398        1.5806175247750517E-002   4.1338106145723730        76.480152260243386     
          41 -0.92601477742742255      -0.93914466483745451        1.3515187968628514E-003   1.8153162363688309        1.6083176029844212E-002   4.3437197781858812        78.058122355663485     
          42 -0.89932877756984519      -0.91246683862329270        1.5438528775054458E-003   1.7098024181182709        1.6353452485033476E-002   4.5735069809505520        79.763180684791763     
          43 -0.87262710306494362      -0.88577276065796451        1.7614400262756860E-003   1.6076263195199423        1.6615816289804543E-002   4.8256303510079039        81.606877194178082     
          44 -0.84591088816362214      -0.85906359246808184        2.0071650435036308E-003   1.5088176350599107        1.6869031957878401E-002   5.1029130467393600        83.602005905916982     
          45 -0.81918121451759696      -0.83234044122433071        2.2841574773047094E-003   1.4134047614084648        1.7111821916331749E-002   5.4086057317026475        85.762760819423093     
          46 -0.79243911450111415      -0.80560436320647233        2.5957959074993601E-003   1.3214143241255876        1.7342872716070375E-002   5.7464611033996684        88.104913787545300     
          47 -0.76568557420383621      -0.77885636695601101        2.9457086872878169E-003   1.2328706191954157        1.7560842430477452E-002   6.1208230440325240        90.646017759561389     
          48 -0.73892153607056799      -0.75209741608743752        3.3377703977101802E-003   1.1477949790451469        1.7764369278623092E-002   6.5367335571175280        93.405639345497832     
          49 -0.71214790117248383      -0.72532843173835704        3.7760932334672164E-003   1.0662050747098348        1.7952081487874097E-002   7.0000613983082429        96.405625316729029     
          50 -0.68536553110323706      -0.69855029464766416        4.2650125227663618E-003  0.98811416791355833        1.8122608384859944E-002   7.5176572416225786        99.670408435009932     
          51 -0.65857524950240209      -0.67176384685982649        4.8090655944534339E-003  0.91353032899497244        1.8274592673119931E-002   8.0975413941472123        103.22735891754814     
          52 -0.63177784321966934      -0.64496989306338459        5.4129632489311871E-003  0.84245563875497720        1.8406703819335998E-002   8.7491315480826906        107.10718892523468     
          53 -0.60497406315121005      -0.61816920158637345        6.0815531712160101E-003  0.77488539400523759        1.8517652435081796E-002   9.4835199239665062        111.34441873460787     
          54 -0.57816462472490537      -0.59136250505187715        6.8197747503008933E-003  0.71080733702645427        1.8606205530982391E-002   10.313811529053462        115.97791476066689     
          55 -0.55135020812004176      -0.56455050072655311        7.6326049430004766E-003  0.65020093374187427        1.8671202405005177E-002   11.255538237043446        121.05151137488620     
          56 -0.52453145825154279      -0.53773385061910628        8.5249950451604974E-003  0.59303672249910022        1.8711570955173014E-002   12.327167230464672        126.61473056945584     
          57 -0.49770898456093909      -0.51091318136504149        9.5017985086898460E-003  0.53927575657173665        1.8726344148614838E-002   13.550727222174919        132.72361601439042     
          58 -0.47088336066760267      -0.48408908394573313        1.0567690266548491E-002  0.48886916301196903        1.8714676335075783E-002   14.952582115883516        139.44170101056042     
          59 -0.44405512393838464      -0.45726211329772054        1.1727078393353818E-002  0.44175783866340274        1.8675859066403108E-002   16.564389784638841        146.84113335034908     
          60 -0.41722477503537359      -0.43043278787117906        1.2984009326543373E-002  0.39787230161153930        1.8609336061364765E-002   18.424293968127174        155.00398426361835     
          61 -0.39039277750174201      -0.40360158919741734        1.4342068287905064E-002  0.35713271297261595        1.8514716940997045E-002   20.578410611741990        164.02377357670989     
          62 -0.36355955744320589      -0.37676896152410694        1.5804276959684442E-002  0.31944907968770675        1.8391789356625849E-002   23.082687211115370        174.00724909806954     
          63 -0.33672550335387430      -0.34993531157126062        1.7372990861868675E-002  0.28472164395688870        1.8240529144980672E-002   26.005236098829222        185.07646524733269     
          64 -0.30989096611275924      -0.32310100844513506        1.9049799223487800E-002  0.25284145932819291        1.8061108172626069E-002   29.429271720581678        197.37121428324670     
          65 -0.28305625941218004      -0.29626638385743775        2.0835430415365837E-002  0.22369114968558240        1.7853899400666621E-002   33.456819758952570        211.05187340884771     
          66 -0.25622166013444742      -0.26943173252714364        2.2729666189455031E-002  0.19714583241615000        1.7619479375066704E-002   38.213416116128222        226.30274291629311     
          67 -0.22938740922566209      -0.24259731281347596        2.4731268027599493E-002  0.17307419740665952        1.7358627296935727E-002   43.854077962690283        243.33596458262454     
          68 -0.20255371282776535      -0.21576334772287237        2.6837918821399923E-002  0.15133971116327866        1.7072321009104767E-002   50.570915417750662        262.39612643689753     
          69 -0.17572074362308998      -0.18893002615061025        2.9046182872108965E-002  0.13180191990554915        1.6761729740373630E-002   58.602864732229726        283.76568012120606     
          70 -0.14888864282010869      -0.16209750455589153        3.1351486810520371E-002  0.11431782178683680        1.6428203348720680E-002   68.248172120142542        307.77132105320436     
          71 -0.12205752171133916      -0.13526590872708821        3.3748123496369645E-002   9.8743266358686146E-002   1.6073259089219537E-002   79.880456495386198        334.79151046361642     
          72  -9.5227464236533069E-002 -0.10843533585782815        3.6229280279722408E-002   8.4934357227673077E-002   1.5698564661360475E-002   93.969436480917636        365.26535239400198     
          73  -6.8398529181798118E-002  -8.1605856922538383E-002   3.8787092218177791E-002   7.2748810225504140E-002   1.5305919434003733E-002   111.10776036771171        399.70308018644454     
          74  -4.1570739640108954E-002  -5.4777512309601463E-002   4.1412721793625026E-002   6.2047253494606165E-002   1.4897229348032592E-002   132.04582846183837        438.69847115105114     
          75  -1.4744134224286871E-002  -2.7950333111460973E-002   4.4096453359032804E-002   5.2694349967353747E-002   1.4474502222692727E-002   157.73720091206403        482.94348269908158     
          76   1.2081300183123892E-002  -1.1243312771584625E-003   4.6827826036183594E-002   4.4559989977327012E-002   1.4039789129344910E-002   189.39766611845457        533.24564751892615     
          77   3.8905580743361777E-002   2.5700508395047998E-002   4.9595768662333180E-002   3.7520058927148034E-002   1.3595191634761850E-002   228.58294374867947        590.54871833618040     
          78   6.5728737634752538E-002   5.2524209775834781E-002   5.2388757668110547E-002   3.1457255884990050E-002   1.3142822238087456E-002   277.29040876213719        655.95707335529926     
          79   9.2550811455681711E-002   7.9346808414333836E-002   5.5194984110249312E-002   2.6261655833367772E-002   1.2684782225594675E-002   338.09316166172249        730.76475579352348     
          80  0.11937185121245292       0.10616834924258618        5.8002526807173119E-002   2.1831113166223905E-002   1.2223138283265843E-002   414.31700304777013        816.48996425835776     
          81  0.14619191240067883       0.13298888461161823        6.0799526765420504E-002   1.8071498403511552E-002   1.1759900297104329E-002   510.27467695203694        914.91606266694998     
          82  0.17301105508644082       0.15980847237272125        6.3574358092728767E-002   1.4896776931312087E-002   1.1297000961769586E-002   631.57670413793323        1028.1403742736086     
          83  0.19982934262625759       0.18662717428788128        6.6315790807634681E-002   1.2228943316610135E-002   1.0836277859199293E-002   785.54487900271715        1158.6322742367561     
          84  0.22664684012510894       0.21344505461473731        6.9013141359473035E-002   9.9978294274018949E-003   1.0379457658329528E-002   981.76364545059130        1309.3023933269785     
          85  0.25346362559268459       0.24026218510968161        7.1656408997045756E-002   8.1408064179884828E-003   9.9281404089087352E-003   1232.8170072719549        1483.5851750339054     
          86  0.28027974377113751       0.26707862663516507        7.4236384805951794E-002   6.6023899652781839E-003   9.4838026970268802E-003   1555.2763672091396        1685.5370874625100     
          87  0.30709526944847793       0.29389443941986576        7.6744756225236979E-002   5.3338069295533813E-003   9.0477657244375440E-003   1971.0245576756620        1919.9540504037896     
          88  0.33391026639176069       0.32070969257117465        7.9174173292267419E-002   4.2924778239311762E-003   8.6212133456897190E-003   2509.0409158548182        2192.5117408901774     
          89  0.36072479661437734       0.34752444895219664        8.1518299829375529E-002   3.4415020825511182E-003   8.2051796654440158E-003   3207.8046734462700        2509.9327662528626     
          90  0.38753892014408903       0.37433876955281853        8.3771840583211604E-002   2.7491201878572973E-003   7.8005514424246284E-003   4118.5431490053961        2880.1866821467788     
          91  0.41435269486900050       0.40115271329791563        8.5930546799769358E-002   2.1881816022772684E-003   7.4080707588942297E-003   5309.6277789490796        3312.7290180690252     
          92  0.44116617634814970       0.42796633687508645        8.7991201811908670E-002   1.7356281096829167E-003   7.0283396075498938E-003   6872.5349265514678        3818.7871038296407     
          93  0.46797941793419562       0.45477969470610691        8.9951588698648721E-002   1.3720017723042128E-003   6.6618262235485937E-003   8929.9428140772452        4411.7019875433280     
          94  0.49479247063135268       0.48159283893315524        9.1810442429414746E-002   1.0809843777770422E-003   6.3088726290427034E-003   11646.748640083697        5107.3375929510767     
          95  0.52160538331718898       0.50840581946429231        9.3567389130538553E-002   8.4897286879158666E-004   5.9697033803395964E-003   15245.083669814365        5924.5705030963472     
          96  0.54841822201755075       0.53521869401580802        9.5222876912488347E-002   6.6469362641391916E-004   5.6444322542926811E-003   20024.807648708509        6885.8770565898240     
          97  0.57523099894668661       0.56203150087743969        9.6778091058363186E-002   5.1885502103846180E-004   5.3330843121546963E-003   26391.541120805530        8018.0344393887945     
          98  0.60204377180334612       0.58884427570749998        9.8234880343551684E-002   4.0384253244846505E-004   5.0355840515607488E-003   34894.985215238346        9352.9626709194290     
          99  0.62885658186208349       0.61565706773921824        9.9595665532739908E-002   3.1344669090004415E-004   4.7517856233331634E-003   46281.549547727976        10928.734860572136     
         100  0.65566946868310672       0.64246991736352643       0.10086335519249731        2.4263032318964860E-004   4.4814736864192840E-003   61566.504660411600        12790.784745477558     
         101  0.68248247021687358       0.66928286331092435       0.10204126175209030        1.8732688525366923E-004   4.2243747539816310E-003   82133.185812595664        14993.356892081696     
         102  0.70929562281686287       0.69609594270874620       0.10313302085941824        1.4426875562878198E-004   3.9801663905970871E-003   109869.48785116723        17601.245361811831     
         103  0.73610896140432480       0.72290919117226671       0.10414251530554779        1.1084205141077628E-004   3.7484858859483318E-003   147355.89179842582        20691.879309478885     
         104  0.76292251957876733       0.74972264294148128       0.10507380448462680        8.4964836562524381E-005   3.5289382693197775E-003   198124.75519162242        24357.825236025790     
         105  0.78973632964884743       0.77653633095056684       0.10593106006734399        6.4985708154066693E-005   3.3211036485347105E-003   267018.24017626356        28709.789697473956     
         106  0.81655042277580303       0.80335028691677968       0.10671850830341298        4.9599940435966722E-005   3.1245438750471160E-003   360682.88210584130        33880.223206244591     
         107  0.84336487334785037       0.83016456428188545       0.10744038078331958        3.7780628944660595E-005   2.9388053250372684E-003   488253.54756718321        40027.655490781675     
         108  0.87017963837719836       0.85697917693491943       0.10810086404042446        2.8722332994572401E-005   2.7634383381050158E-003   662300.98031346605        47341.869982912263     
         109  0.89699477985358478       0.88379413599675072       0.10870407119353859        2.1795741616763335E-005   2.5979762397006327E-003   900141.45225109812        56050.145100635098     
         110  0.92381032669889396       0.91060948641294803       0.10925400495232310        1.6510538592671994E-005   2.4419624027068325E-003   1225657.9111474839        66424.768138519910     
         111  0.95062630683347971       0.93742525658919540       0.10975453380075120        1.2486019943022557E-005   2.2949431336790412E-003   1671821.9055936164        78792.009641959812     
         112  0.97744268068107820       0.96424143965596021       0.11020937221420979        9.4274767201247216E-006   2.1564672976399500E-003   2284194.5609816420        93542.932683006526     
         113   1.0042595202231941       0.99105805353740450       0.11062206581058721        7.1073412491950807E-006   2.0261068542854004E-003   3125803.3992355247        111146.39912188656     
         114   1.0310768477457890        1.0178751446003971       0.11099598090307036        5.3504685739796081E-006   1.9034340670918851E-003   4283899.3985241661        132164.65489890843     
         115   1.0578946851712883        1.0446927349435402       0.11133429792015466        4.0223538420497004E-006   1.7880379387770729E-003   5879377.7285276521        157272.08816566141     
         116   1.0847130544285006        1.0715108464925684       0.11164000817062991        3.0199670004161744E-006   1.6795218747190001E-003   8079881.1067579901        187277.76726066950     
         117   1.1115319779081938        1.0983295014144199       0.11191591345468005        2.2645716847981495E-006   1.5775044755841447E-003   11118050.111805849        223152.53132361334     
         118   1.1383517234600575        1.1251488486176864       0.11216462805370442        1.6961148931394873E-006   1.4816328841447130E-003   15317025.246944023        266061.61077626637     
         119   1.1651721487301134        1.1519689445194015       0.11238858452561430        1.2689527220329641E-006   1.3915239239064049E-003   21125608.132602964        317403.77999194397     
         120   1.1919929572222769        1.1787895673152697       0.11259003207935961        9.4836266761703829E-007   1.3068707031159547E-003   29168173.813159928        378858.13594135671     
         121   1.2188142338989172        1.2056106171258780       0.11277105355191777        7.0806104246911064E-007   1.2273436708527612E-003   40313100.956449136        452440.74649203633     
         122   1.2456359472377152        1.2324321188733851       0.11293356641562452        5.2814802489026604E-007   1.1526437983738376E-003   55769503.873453967        540573.51637978852     
         123   1.2724588311878615        1.2592544355865363       0.11307933261348441        3.9358544260739785E-007   1.0825131009568984E-003   77222595.155103415        646165.93673342979     
         124   1.2992825293790602        1.2860777392256879       0.11320996720701818        2.9306031068513665E-007   1.0166410209746974E-003   107018578.89704823        772712.31986873189     
         125   1.3261071076004103        1.3129018910163788       0.11332694723664519        2.1803375775377520E-007   9.5478541170915363E-004   148430576.01636344        924411.62164425047     
         126   1.3529326443962897        1.3397269633223523       0.11343162063383426        1.6209056897951241E-007   8.9670386602719158E-004   206023960.78293166        1106309.8001760717     
         127   1.3797592340434348        1.3665530427971666       0.11352521505365230        1.2041387523706213E-007   8.4216751346622538E-004   286170079.63805348        1324471.5838914767     
         128   1.4065869905668735        1.3933802338967574       0.11360884652251503        8.9391577878362074E-008   7.9096043217917250E-004   397764497.53111702        1586187.3178383252     
         129   1.4334160537617731        1.4202086639293199       0.11368352781894592        6.6318309203846507E-008   7.4287905720124732E-004   553232260.58096683        1900222.1398091258     
         130   1.4602472920665615        1.4470388482623515       0.11375017881986335        4.9170584323887926E-008   6.9772003525338266E-004   769934949.04932535        2277125.0053343517     
         131   1.4870798287740787        1.4738707558168354       0.11380962539358856        3.6434292121649549E-008   6.5533079755073290E-004   1072159442.5237081        2729572.8946413910     
         132   1.5139144738902786        1.5007043792862018       0.11386261932660172        2.6982229964340304E-008   6.1551757474799680E-004   1493832596.2174046        3272811.5975897312     
         133   1.5407516595223254        1.5275403338937177       0.11390983705076897        1.9971558448726619E-008   5.7812694519772563E-004   2082458899.3134792        3925207.0529910130     
         134   1.5675919367360780        1.5543791130651714       0.11395188802015410        1.4774813857900856E-008   5.4300760906074669E-004   2904524366.9676232        4708864.4323748806     
         135   1.5944360816411305        1.5812213838676483       0.11398932069667132        1.0924829540960254E-008   5.1001805324428311E-004   4053148874.8110285        5650411.0780820502     
         136   1.6212851307743865        1.6080680566533234       0.11402262810988562        8.0741109716974684E-009   4.7902440256849740E-004   5658827650.3773546        6781940.5431364775     
         137   1.6481404824442707        1.6349203544445048       0.11405225300225322        5.9643620548647891E-009   4.4990065503462115E-004   7904559787.8824072        8142163.9304766804     
         138   1.6750040137193900        1.6617799223459826       0.11407859257503979        4.4037322398945462E-009   4.2252794306112628E-004   11047178657.513700        9777818.7818001844     
         139   1.7018782267871821        1.6886489596796854       0.11410200285318807        3.2498220957616321E-009   3.9679392245230426E-004   15447489441.713543        11745401.163246106     
         140   1.7287664344694538        1.7155303865392304       0.11412280268979337        2.3970052731131823E-009   3.7259216205757947E-004   21612955198.060013        14113307.432962311     
         141   1.7557213811469650        1.7424529976626539       0.11414127743297800        1.7638221183026075E-009   3.5041702087638900E-004   30286746262.012444        16965246.153331172     
         142   1.7826415377801388        1.7693900100190207       0.11415768228050351        1.3018045145970110E-009   3.2839590584909809E-004   42389213597.930710        20398977.565873995     
         143   1.8096066768472712        1.7963333552976342       0.11417225646132526        9.5867916684142248E-010   3.0811157599206900E-004   59425480569.600151        24540844.378456380     
         144   1.8366010929104883        1.8233135874120487       0.11418518296752282        7.0501734317542173E-010   2.8914724894938749E-004   83414330243.023315        29540695.866125293     
         145   1.8636485321830449        1.8503353395632969       0.11419665400307116        5.1816578748164764E-010   2.7117128149825657E-004   117195090427.85623        35581474.382524520     
         146   1.8906988953717039        1.8773842863063188       0.11420679765674807        3.8006557771583237E-010   2.5458344317013114E-004   164902175210.79599        42878127.098990537     
         147   1.9178652372011689        1.9044944480540482       0.11421581666133863        2.7908139138871054E-010   2.3834211660141914E-004   232096571186.16382        51714736.761439517     
         148   1.9451237010505880        1.9317082934870251       0.11422381332814914        2.0435295682343470E-010   2.2314686039403257E-004   327584755792.51208        62458895.581742078     
         149   1.9724946039235924        1.9590247442114215       0.11423090218490528        1.4936368977505734E-010   2.0870198501760621E-004   463438037638.21265        75543020.806780860     
         150   2.0000000000000000        1.9864650172553719       0.11423718517752475        1.0893487707063671E-010   1.9492655909298089E-004   657502705293.02979        91529517.280671209     
