           1  -2.8625969629798962       -3.1636269586438770        4.9933408253416576E-007   561.67074398910665       0.13988155857133350        4.7603399220331813E-003   1.5047315297234345     
           2  -2.8467849765713225       -2.8546190125217450        5.5416054322091968E-007   560.90759698478905       0.13988304785287223        4.7667912626235369E-003   1.5057468029996210     
           3  -2.8329508930020122       -2.8398128529857924        6.1500455979948863E-007   560.88055737341131       0.13987652736060099        4.7671321744580620E-003   1.5058181944247513     
           4  -2.8187213566181666       -2.8257778490727126        6.8252620143126735E-007   560.79260281270706       0.13988493031773816        4.7677366435794500E-003   1.5058910440061337     
           5  -2.8030831530452445       -2.8108318705042650        7.5745787366436640E-007   560.75615603008248       0.13987853291270311        4.7681555594174174E-003   1.5059744185045054     
           6  -2.7870753680383622       -2.7950055102735800        8.4061223439400940E-007   560.67267857815295       0.13988180987660312        4.7688096210894339E-003   1.5060688837224179     
           7  -2.7710279184002879       -2.7789775270372967        9.3289097417482736E-007   560.60228840012326       0.13988036720754599        4.7694329957497826E-003   1.5061711999991485     
           8  -2.7551326275942367       -2.7630075555845495        1.0352945549415419E-006   560.51939623750684       0.13988080122887150        4.7701309208513457E-003   1.5062802287681993     
           9  -2.7393803512592019       -2.7471850745747122        1.1489330113748804E-006   560.43427923190438       0.13988057845337024        4.7708591924767755E-003   1.5063958085412654     
          10  -2.7237568968975356       -2.7314983724474766        1.2750379304227125E-006   560.34313096953781       0.13988055391040613        4.7716356632945987E-003   1.5065184547237838     
          11  -2.7082408124409407       -2.7159295652573601        1.4149757369678883E-006   560.24653926598046       0.13988046842717905        4.7724597958362924E-003   1.5066487783777009     
          12  -2.6928133146142765       -2.7004585630095299        1.5702624274518584E-006   560.14371597364391       0.13988039237581720        4.7733371543771871E-003   1.5067874663224297     
          13  -2.6774600569738429       -2.6850688429316714        1.7425799085578085E-006   560.03420344156871       0.13988030780767502        4.7742720052802055E-003   1.5069352378920997     
          14  -2.6621671366991904       -2.6697462861354619        1.9337941149840897E-006   559.91742678510138       0.13988021823702812        4.7752692587124460E-003   1.5070928558044188     
          15  -2.6469213792290125       -2.6544773617690436        2.1459750990694710E-006   559.79278491268497       0.13988012238205899        4.7763341431368914E-003   1.5072611454110050     
          16  -2.6317128523035818       -2.6392505458802025        2.3814193057551894E-006   559.65963689414616       0.13988001989323054        4.7774722258282776E-003   1.5074409824261359     
          17  -2.6165334563779039       -2.6240568392185035        2.6426742692925227E-006   559.51731033919839       0.13987991021722965        4.7786893631013728E-003   1.5076332880414272     
          18  -2.6013768208830492       -2.6088890222187313        2.9325659934582383E-006   559.36509446232765       0.13987979279944604        4.7799917586229543E-003   1.5078390374779655     
          19  -2.5862375582281851       -2.5937412246172555        3.2542293050754393E-006   559.20223533563399       0.13987966704545973        4.7813860076261535E-003   1.5080592669449839     
          20  -2.5711114315535388       -2.5786086443694893        3.6111415016315775E-006   559.02793182101925       0.13987953232297873        4.7828791351266680E-003   1.5082950795235841     
          21  -2.5559950446528075       -2.5634874723530512        4.0071596480436515E-006   558.84133297698440       0.13987938795883498        4.7844786221522958E-003   1.5085476491519427     
          22  -2.5408857451902245       -2.5483746908234175        4.4465619154780247E-006   558.64153378348487       0.13987923323547743        4.7861924469669529E-003   1.5088182269522519     
          23  -2.5257814557413254       -2.5332679399312141        4.9340933969568068E-006   558.42757105001465       0.13987906738744921        4.7880291254383802E-003   1.5091081473941226     
          24  -2.5106805557539058       -2.5181653746772241        5.4750168806785686E-006   558.19841867339892       0.13987888959731754        4.7899977577994914E-003   1.5094188354345761     
          25  -2.4955817886536669       -2.5030655596709304        6.0751691129913822E-006   557.95298283055706       0.13987869899148545        4.7921080769114336E-003   1.5097518138571027     
          26  -2.4804841692010853       -2.4879673763679726        6.7410231392661899E-006   557.69009679902410       0.13987849463564070        4.7943705008056973E-003   1.5101087112424423     
          27  -2.4653869147222816       -2.4728699425738685        7.4797573730612365E-006   557.40851541200595       0.13987827552983362        4.7967961896152808E-003   1.5104912705815654     
          28  -2.4502894202461003       -2.4577725660108296        8.2993321125249621E-006   557.10690958158978       0.13987804060351003        4.7993971033463223E-003   1.5109013579635124     
          29  -2.4351911890619782       -2.4426746967785729        9.2085742985927706E-006   556.78386029192188       0.13987778871001841        4.8021860658482973E-003   1.5113409721746636     
          30  -2.4200918122348569       -2.4275758828165173        1.0217271392887876E-005   556.43785215359617       0.13987751862064632        4.8051768344529646E-003   1.5118122551152875     
          31  -2.4049909441764181       -2.4124757474127696        1.1336275345096676E-005   556.06726689841173       0.13987722901846161        4.8083841722897412E-003   1.5123175025500357     
          32  -2.3898882827530681       -2.3973739670832321        1.2577617720783582E-005   555.67037641896843       0.13987691849163145        4.8118239270095045E-003   1.5128591757673830     
          33  -2.3747835544801839       -2.3822702542669392        1.3954637172037960E-005   555.24533544097596       0.13987658552626109        4.8155131155317391E-003   1.5134399140716721     
          34  -2.3596764970506432       -2.3671643411642349        1.5482120555989913E-005   554.79017372825251       0.13987622849864936        4.8194700161102652E-003   1.5140625482937282     
          35  -2.3445668658036243       -2.3520559744435618        1.7176459141154251E-005   554.30278812608651       0.13987584566716640        4.8237142655503176E-003   1.5147301149583945     
          36  -2.3294544053696349       -2.3369449039955259        1.9055821489918841E-005   553.78093392619689       0.13987543516331524        4.8282669666242731E-003   1.5154458718796480     
          37  -2.3143388627896400       -2.3218308756755874        2.1140344768535563E-005   553.22221589483513       0.13987499498220105        4.8331508033697427E-003   1.5162133147910126     
          38  -2.2992199698372380       -2.3067136287568220        2.3452346415050232E-005   552.62407893960676       0.13987452297234323        4.8383901652133869E-003   1.5170361951282685     
          39  -2.2840974370979708       -2.2915928842328204        2.6016558292181897E-005   551.98379795719529       0.13987401682441331        4.8440112847818696E-003   1.5179185396914052     
          40  -2.2689709637783801       -2.2764683468987323        2.8860385667802176E-005   551.29846771456016       0.13987347405950579        4.8500423829164795E-003   1.5188646711249421     
          41  -2.2538402209298307       -2.2613397016362602        3.2014193602061095E-005   550.56499200544897       0.13987289201627537        4.8565138286376930E-003   1.5198792303848738     
          42  -2.2387048527709235       -2.2462066058442023        3.5511623579166079E-005   549.78007215434457       0.13987226783690851        4.8634583147464921E-003   1.5209672012421633     
          43  -2.2235644761212736       -2.2310686898000540        3.9389943505282839E-005   548.94019539407680       0.13987159845225242        4.8709110459014254E-003   1.5221339362617226     
          44  -2.2084186796934175       -2.2159255560215483        4.3690434504049545E-005   548.04162277574062       0.13987088056572380        4.8789099438552854E-003   1.5233851849163944     
          45  -2.1932670127573393       -2.2007767731521137        4.8458818279978298E-005   547.08037632659966       0.13987011063564142        4.8874958743477031E-003   1.5247271244513498     
          46  -2.1781014758863235       -2.1856180502319016        5.3748486654083867E-005   546.05196232712501       0.13986928464417103        4.8967152612777332E-003   1.5261667626221482     
          47  -2.1629312019302480       -2.1704501034614205        5.9612479583711812E-005   544.95191155065174       0.13986839852036834        4.9066154108171863E-003   1.5277112006673956     
          48  -2.1477525286205172       -2.1552755564665418        6.6114060633973520E-005   543.77566685079489       0.13986744804117268        4.9172456503501511E-003   1.5293678055868090     
          49  -2.1325651876885336       -2.1400924735980213        7.3321992217132876E-005   542.51804634938310       0.13986642838553143        4.9286623682498450E-003   1.5311449876702286     
          50  -2.1173688725350730       -2.1249005670826642        8.1312339561442857E-005   541.17368716015119       0.13986533447679092        4.9409252500794854E-003   1.5330516036789794     
          51  -2.1021709441158625       -2.1097034311846512        9.0164567852641278E-005   539.73728906388885       0.13986416116718722        4.9540952705840573E-003   1.5350966354895907     
          52  -2.0869552330573056       -2.0944964557969064        9.9980731853679833E-005   538.20250224504798       0.13986290231069171        4.9682451742363168E-003   1.5372908055579400     
          53  -2.0717363304322434       -2.0792791210005177        1.1085408770915120E-004   536.56294642710054       0.13986155157075281        4.9834505238835211E-003   1.5396451704364673     
          54  -2.0564981857143643       -2.0640504286654688        1.2290933504982359E-004   534.81188737749335       0.13986010213095046        4.9997930397608819E-003   1.5421716231389615     
          55  -2.0412546492756705       -2.0488095407886737        1.3626098938059210E-004   532.94218586839418       0.13985854662482128        5.0173615314689371E-003   1.5448830177472346     
          56  -2.0259903656505096       -2.0335554485974066        1.5106080298132063E-004   530.94635878725762       0.13985687715151993        5.0362518494368970E-003   1.5477931393518727     
          57  -2.0107178828803405       -2.0182869933433376        1.6744980689177479E-004   528.81645548952815       0.13985508513589054        5.0565686542701294E-003   1.5509169507204448     
          58  -1.9954290775062502       -2.0030062057083815        1.8560453040050834E-004   526.54466442493242       0.13985316179621918        5.0784202755227732E-003   1.5542697735271112     
          59  -1.9801165096643354       -1.9877053098273596        2.0572144675883635E-004   524.12127401387943       0.13985109636701626        5.1019391470116509E-003   1.5578703880433140     
          60  -1.9647908718679119       -1.9723860917642557        2.2799279562711386E-004   521.53754015997140       0.13984887846722771        5.1272551710779910E-003   1.5617369044110105     
          61  -1.9494444823247061       -1.9570498949145831        2.5265572802525029E-004   518.78440067863380       0.13984649695886014        5.1545089153569260E-003   1.5658887485639263     
          62  -1.9340704489919207       -1.9416894390743367        2.7997337884919142E-004   515.85079587280666       0.13984393840756093        5.1838696419251040E-003   1.5703493473114618     
          63  -1.9186772646920507       -1.9263056606840232        3.1020768208490657E-004   512.72668741942550       0.13984118960409408        5.2155068731022424E-003   1.5751417309757192     
          64  -1.9032577491493272       -1.9108990772657439        3.4367624921443431E-004   509.40172325218447       0.13983823632671105        5.2496049342554947E-003   1.5802906850611567     
          65  -1.8878097487815679       -1.8954650662669736        3.8071998294844243E-004   505.86405774282571       0.13983506217186484        5.2863770602474165E-003   1.5858247895429640     
          66  -1.8723266511272483       -1.8799992048288403        4.2172664627925373E-004   502.10141284640804       0.13983164933749290        5.3260570791870930E-003   1.5917750465195344     
          67  -1.8568144393658204       -1.8645012904167082        4.6708877644183362E-004   498.10213381909620       0.13982797944118003        5.3688906272083073E-003   1.5981734512882457     
          68  -1.8412660564220316       -1.8489706697297112        5.1727423508668500E-004   493.85431839309797       0.13982403258245610        5.4151467777723622E-003   1.6050546146406968     
          69  -1.8256786558251445       -1.8334024283362542        5.7278634615598185E-004   489.34463938419231       0.13981978603936751        5.4651344197998667E-003   1.6124580318087260     
          70  -1.8100457293493990       -1.8177918557515036        6.3419330911065387E-004   484.55951790887332       0.13981521509164835        5.5191939242761274E-003   1.6204266316213753     
          71  -1.7943703856117754       -1.8021373384538786        7.0208066328077471E-004   479.48612832005466       0.13981029373460954        5.5776900690173801E-003   1.6290055211551333     
          72  -1.7786456643530539       -1.7864368597467959        7.7713251155912843E-004   474.11161590057560       0.13980499366431104        5.6410254891781104E-003   1.6382437284192082     
          73  -1.7628674316616375       -1.7706848976218175        8.6008891687933478E-004   468.42196346532052       0.13979928279781559        5.7096604020499160E-003   1.6481967644983169     
          74  -1.7470314271375420       -1.7548772533883354        9.5176262544129303E-004   462.40371067712380       0.13979312654005413        5.7840998348103198E-003   1.6589243798801723     
          75  -1.7311305302542057       -1.7390082099838728        1.0530632370085642E-003   456.04306762655420       0.13978648642866834        5.8649126356116162E-003   1.6704928857232035     
          76  -1.7151644220372646       -1.7230741093784629        1.1649427297678416E-003   449.32744609055715       0.13977932119251674        5.9527218398670008E-003   1.6829732644582673     
          77  -1.6991252204850222       -1.7070707812438408        1.2884932196593119E-003   442.24477636836411       0.13977158547865329        6.0482236540851742E-003   1.6964433135199648     
          78  -1.6830069174024522       -1.6909912968720850        1.4248979504737217E-003   434.78255690587810       0.13976322808615974        6.1522138957340088E-003   1.7109906507255328     
          79  -1.6668030604448845       -1.6748294210305477        1.5754541979391601E-003   426.92956066651738       0.13975419297481464        6.2655810200065052E-003   1.7267108480569910     
          80  -1.6505066639404271       -1.6585784287555307        1.7415837356728801E-003   418.67557736961112       0.13974441806827254        6.3893273213762626E-003   1.7437093862639763     
          81  -1.6341084429942998       -1.6422301619481399        1.9248635672190803E-003   410.01117536222512       0.13973383385022745        6.5245943913240416E-003   1.7621039289867824     
          82  -1.6176034862567557       -1.6257775624076460        2.1269622042860000E-003   400.92929707146374       0.13972236403361335        6.6726638195657891E-003   1.7820229596879744     
          83  -1.6009811746010032       -1.6092128093916107        2.3497624093657653E-003   391.42473027558731       0.13970992354243814        6.8349935886472396E-003   1.8036090095038222     
          84  -1.5842318561581505       -1.5925257745760000        2.5953021036722950E-003   381.49345751941513       0.13969641592365581        7.0132653944328001E-003   1.8270228328726752     
          85  -1.5673449213112676       -1.5757063157930267        2.8658089119737284E-003   371.13433031456691       0.13968173350652868        7.2093990174573871E-003   1.8524426927433559     
          86  -1.5503089615910139       -1.5587434136462313        3.1637122008289441E-003   360.34899159834623       0.13966575505942541        7.4256029248774861E-003   1.8800678883391690     
          87  -1.5331114703096207       -1.5416250967519822        3.4916626518942625E-003   349.14225591073074       0.13964834365739243        7.6644269945480474E-003   1.9101217627725928     
          88  -1.5157378293270065       -1.5243377780963283        3.8525699651096772E-003   337.52211021873217       0.13962934348571587        7.9288358055292409E-003   1.9428563548073512     
          89  -1.4981753846345980       -1.5068678370153081        4.2495336885442500E-003   325.50122157839854       0.13960857859584891        8.2222622496161083E-003   1.9785534630008494     
          90  -1.4804069929061621       -1.4892003248115731        4.6859918397468949E-003   313.09660745903022       0.13958584822621745        8.5487170563499915E-003   2.0175312860976065     
          91  -1.4624151249941266       -1.4713178951585013        5.1656564592359091E-003   300.32929561111337       0.13956092102153558        8.9129278114925183E-003   2.0601526054265071     
          92  -1.4441805954327029       -1.4532021666051360        5.6925576494435337E-003   287.22573901150832       0.13953353153195236        9.3204600951386791E-003   2.1068284930745400     
          93  -1.4256825201080641       -1.4348330782414356        6.2710626135158588E-003   273.81780339058980       0.13950337320409198        9.7779083748412241E-003   2.1580274195110718     
          94  -1.4068980801771178       -1.4161887481725115        6.9059002113731963E-003   260.14306078321840       0.13947009058695634        1.0293124191097992E-002   2.2142848552623984     
          95  -1.3878023201991678       -1.3972452544963980        7.6021854903793422E-003   246.24496589828161       0.13943326970047934        1.0875505024994675E-002   2.2762149310859914     
          96  -1.3683679970557805       -1.3779764589368266        8.3654423064163375E-003   232.17298238447711       0.13939242633878932        1.1536358165563919E-002   2.3445242283278689     
          97  -1.3485646597432481       -1.3583534619535740        9.2016580330850205E-003   217.98234014207566       0.13934699084783697        1.2289377701332722E-002   2.4200297303500031     
          98  -1.3283610354750126       -1.3383453727020371        1.0117198407045102E-002   203.73461262302681       0.13929629263261381        1.3151200628327166E-002   2.5036750772029679     
          99  -1.3077209507216414       -1.3179183882099261        1.1118991836851591E-002   189.49689360467295       0.13923953693726285        1.4142188441197884E-002   2.5965567646572438     
         100  -1.2866055410980410       -1.2970349295733652        1.2214455313380885E-002   175.34086379005436       0.13917577579381593        1.5287449410633418E-002   2.6999564417551438     
         101  -1.2649724427413833       -1.2756543072216675        1.3411541580836473E-002   161.34272004061970       0.13910387658708850        1.6618086264276667E-002   2.8153724096994739     
         102  -1.2427755824312388       -1.2537322173845111        1.4718762183744885E-002   147.58201936177343       0.13902247961916916        1.8172891611166638E-002   2.9445634336910120     
         103  -1.2199648325573482       -1.2312204616041615        1.6145218952648886E-002   134.14041846324284       0.13892994601918990        2.0000571695067054E-002   3.0896009653997507     
         104  -1.1964860038970773       -1.2080667734884807        1.7700618526396799E-002   121.10019934714926       0.13882429352550504        2.2162686637842922E-002   3.2529320314974499     
         105  -1.1722806969056438       -1.1842147375439236        1.9395298222593570E-002   108.54254980710385       0.13870311744770847        2.4737560500326019E-002   3.4374550923307057     
         106  -1.1472863737023840       -1.1596037523393758        2.1240245402972993E-002   96.545576340680242       0.13856349357667924        2.7825514817333460E-002   3.6466119598932711     
         107  -1.1214366959238868       -1.1341692380953563        2.3247108737250846E-002   85.182174651420965       0.13840186093118401        3.1555881174105932E-002   3.8844973333232966     
         108  -1.0946618939542860       -1.1078429900741471        2.5428225020529806E-002   74.517739054282998       0.13821388115041758        3.6096450591365098E-002   4.1559899441668051     
         109  -1.0668898678353593       -1.0805539249162044        2.7796616015606700E-002   64.607890960878407       0.13799427461825964        4.1666200727670882E-002   4.4669062520807339     
         110  -1.0380470107079629       -1.0522290402006034        3.0366046159768699E-002   55.496239197292539       0.13773663275930076        4.8552513292609220E-002   4.8241815851472643     
         111  -1.0080621708113346       -1.0227958630586946        3.3150855137485273E-002   47.212700809884019       0.13743322513965250        5.7134086225821348E-002   5.2360629893432611     
         112 -0.97686662272015778      -0.99218435835884500        3.6166200763668339E-002   39.771773845148836       0.13707479658652066        6.7911955147754055E-002   5.7123376262371917     
         113 -0.94439954722084307      -0.96032975806330445        3.9427892111696373E-002   33.171582940099142       0.13665039309812635        8.1550825373411059E-002   6.2645750018113961     
         114 -0.91061209695247580      -0.92717732838618305        4.2952413778397799E-002   27.393896782255307       0.13614727118612752        9.8933122044621472E-002   6.9063530563082756     
         115 -0.87547269830333252      -0.89268709704381610        4.6756904888977928E-002   22.404768091799326       0.13555093410503888       0.12122949322248205        7.6534750400977050     
         116 -0.83897284383723358      -0.85683943455351008        5.0859131547744137E-002   18.156141344384803       0.13484538423283854       0.14998865214434831        8.5241352900299052     
         117 -0.80113281870551700      -0.81964083697193524        5.5277452854078202E-002   14.588310294328220       0.13401367447414991       0.18724940666325363        9.5390055258323141     
         118 -0.76200664749698799      -0.78112926588844855        6.0030776195959125E-002   11.633067490015440       0.13303882801652059       0.23567664501211727        10.721210548810964     
         119 -0.72168519409296539      -0.74137814027040672        6.5138507508763696E-002   9.2172755017873413       0.13190514348171331       0.29872155823616048        12.096173414773997     
         120 -0.68029654255213945      -0.70049800786556415        7.0620489506866363E-002   7.2665200759439488       0.13059981209935456       0.38080465287957993        13.691330024964524     
         121 -0.63800286799160277      -0.65863506354034140        7.6496939069143968E-002   5.7084834507996680       0.12911465529515298       0.48751892988317380        15.535742373838076     
         122 -0.59499380874772489      -0.61596614654600912        8.2788364307160148E-002   4.4757243321057993       0.12744768561705414       0.62585062985015227        17.659667101403556     
         123 -0.55147676195221329      -0.57269045294687293        8.9515484112620489E-002   3.5076538189998487       0.12560414595965888       0.80441708794494149        20.094157598392638     
         124 -0.50766548648492238      -0.52901890256842787        9.6699134369310893E-002   2.7516386785855453       0.12359674067818366        1.0337251566225838        22.870778199754927     
         125 -0.46376859435721690      -0.48516265926093605       0.10436016699928499        2.1632998168842623       0.12144493596418258        1.3264582382945678        26.021485887944813     
         126 -0.41997952064485000      -0.44132239515878158       0.11251934306739977        1.7061715724931759       0.11917342310419095        1.6978041519673597        29.578700924372214     
         127 -0.37646911374861691      -0.39767965097425334       0.12119721804709532        1.3509334117258018       0.11681003102538234        2.1658380908374690        33.575548250371213     
         128 -0.33338133884388527      -0.35439108544205783       0.13041402024537860        1.0744196213061867       0.11438347199042559        2.7519746661374436        38.046223174261776     
         129 -0.29083159646481238      -0.31158557773994983       0.14018960117879409       0.85857188679956176       0.11192127263010000        3.4815049447684752        43.026448732510204     
         130 -0.24890902476133506      -0.26936465714584429       0.15054302661371866       0.68945203016177925       0.10944820734251812        4.3842127317737791        48.553864315265038     
         131 -0.20767737696783775      -0.22780407114948537       0.16149284596164579       0.55636804179725274       0.10698523251105573        5.4951038793798777        54.668498848217880     
         132 -0.16717979143424860      -0.18695670951661131       0.17305670084904898       0.45114593679807496       0.10454901356383031        6.8552449883571027        61.413190352562232     
         133 -0.12744234678872601      -0.14685673626618698       0.18525125241821128       0.36754389789476327       0.10215193358129424        8.5127031145961212        68.833879914033318     
         134  -8.8477745816989237E-002 -0.10752320815202704       0.19809204914993117       0.30079056458433040        9.9802407477994515E-002   10.523623020480803        76.979935127965234     
         135  -5.0288648376807701E-002  -6.8963568942465886E-002  0.21159338382675991       0.24722964545772283        9.7505401143509307E-002   12.953439983767014        85.904426798986435     
         136  -1.2870376047110464E-002  -3.1176647822215270E-002  0.22576817633111371       0.20404932891176547        9.5263032733022682E-002   15.878249708058323        95.664403304059121     
         137   2.3786830529889589E-002   5.8448750533210631E-003  0.24062783931714021       0.16907792488621701        9.3075177551095553E-002   19.386354690751897        106.32117385101476     
         138   5.9696101755888145E-002   4.2112501425226219E-002  0.25618215672562417       0.14063016308485610        9.0940024640645406E-002   23.580010048225262        117.94061282558094     
         139   9.4872636037940924E-002   7.7640420642265492E-002  0.27243915801688934       0.11739171399607923        8.8854557015114563E-002   28.577399316781641        130.59350533862175     
         140  0.12933283484563846       0.11244443731638676       0.28940504060284888        9.8332339067784075E-002   8.6814944446194364E-002   34.514881300682802        144.35596131859768     
         141  0.16309353260118695       0.14654115756565353       0.30708400926248752        8.2640458581921955E-002   8.4816857647876900E-002   41.549537351406130        159.30987820807272     
         142  0.19617168883910663       0.17994746046280508       0.32547824119426078        6.9673616796996560E-002   8.2855704212641046E-002   49.862085374735415        175.54350675496596     
         143  0.22858394140196464       0.21268011875245618       0.34458770914608661        5.8920856765677231E-002   8.0926806878674096E-002   59.660205412022272        193.15209587423178     
         144  0.26034663587120749       0.24475559971405983       0.36441020272683494        4.9973965855970574E-002   7.9025526643819344E-002   71.182376759241791        212.23868530786234     
         145  0.29147553066743576       0.27618992653437868       0.38494112721712426        4.2505420752864315E-002   7.7147352837488511E-002   84.702292752299286        232.91501148859675     
         146  0.32198599941719425       0.30699864126817733       0.40617357831378559        3.6251356911250088E-002   7.5287959948789743E-002   100.53400133747071        255.30261064352325     
         147  0.35189281615977447       0.33719679104299410       0.42809813705429151        3.0998369335568952E-002   7.3443250686700670E-002   119.03788612041762        279.53409345910489     
         148  0.38121031848818554       0.36679890893928890       0.45070289275421932        2.6573225661129535E-002   7.1609386440544071E-002   140.62765928315247        305.75462838015096     
         149  0.40995241731473375       0.39581909758737271       0.47397336403778967        2.2834796960596447E-002   6.9782809544411115E-002   165.77865824533086        334.12375345168192     
         150  0.43813265264388179       0.42427106263167064       0.49789244221702128        1.9667718074610360E-002   6.7960268991175812E-002   195.03766149853939        364.81746588862688     
         151  0.46576420703083032       0.45216814655218657       0.52244029194266772        1.6977376378251346E-002   6.6138852775609075E-002   229.03459934731984        398.03066929660417     
         152  0.49286018700703699       0.47952348023577840       0.54759447091361235        1.4685924274439849E-002   6.4316021177233659E-002   268.49681030399597        433.98021138018470     
         153  0.51943344225265509       0.50635002575660826       0.57332964503889083        1.2729114832289277E-002   6.2489663779830028E-002   314.26621982616143        472.90832339221419     
         154  0.54549703657676174       0.53266073148831150       0.59961786440416065        1.1053761858152857E-002   6.0658161676721362E-002   367.32059058831959        515.08687050568028     
         155  0.57106402140349510       0.55846864338298718       0.62642817351286784        9.6157078198339935E-003   5.8820476479649712E-002   428.79969954486165        560.82227611106816     
         156  0.59614785767173206       0.58378701235522690       0.65372679963648650        8.3781874531551580E-003   5.6976254159149739E-002   500.03796626978288        610.46134711670379     
         157  0.62076278060003820       0.60862968623431812       0.68147729288677139        7.3104959402488408E-003   5.5125926346907571E-002   582.60634417088227        664.39871473800963     
         158  0.64492361719729263       0.63301119284831830       0.70964000940693872        6.3869282258226853E-003   5.3270845360587175E-002   678.36458976111339        723.08498234049966     
         159  0.66864638309618285       0.65694695813093962       0.73817239083569530        5.5859125861848326E-003   5.1413400917636465E-002   789.52829440877633        787.03658374137422     
         160  0.69194881568721911       0.68045386957908793       0.76702917038426832        4.8892989434560392E-003   4.9557090024870791E-002   918.75667995017932        856.84833997234693     
         161  0.71485021197523968       0.70355045208224032       0.79616172295929666        4.2817957727811530E-003   4.7706570171086538E-002   1069.2640209175188        933.20720310279592     
         162  0.73737262620619182       0.72625740365036762       0.82551906603740910        3.7505032911933564E-003   4.5867591149819767E-002   1244.9659763047753        1016.9097521767878     
         163  0.75954025418082993       0.74859786220505864       0.85504670248412462        3.2845425889246735E-003   4.4046843444445441E-002   1450.6669176722044        1108.8819389459159     
         164  0.78138033919622019       0.77059757078481672       0.88468748767285443        2.8747539948144963E-003   4.2251645906444604E-002   1692.3005597909068        1210.2023591837901     
         165  0.80292298835214859       0.79228522469328899       0.91438139034817478        2.5134446717984533E-003   4.0489458910168932E-002   1977.2413483101477        1322.1310440945326     
         166  0.82420101077309604       0.81369229967585599       0.94406560023889252        2.1941837635157582E-003   3.8767272773308235E-002   2314.6982213900142        1446.1423032551004     
         167  0.84524919002088506       0.83485260100890046       0.97367437745180707        1.9116238613416550E-003   3.7090913520784412E-002   2716.2128048688292        1583.9634926728181     
         168  0.86610381074275244       0.85580166701532967        1.0031397335586933        1.6613353010886305E-003   3.5464355768018145E-002   3196.2936291363080        1737.6226534507553     
         169  0.88680137175593621       0.87657587985726482        1.0323914880140599        1.4396481793929408E-003   3.3889219499479512E-002   3773.2262251653269        1909.5066909328293     
         170  0.90737616956650125       0.89721060122222296        1.0613559763024660        1.2435057718338922E-003   3.2364664086271262E-002   4470.0938642783540        2102.4259066934637     
         171  0.92786106132122981       0.91773938369933139        1.0899591860148754        1.0703124973551366E-003   3.0887612035568460E-002   5316.1501256496476        2319.7046281712828     
         172  0.94828379580367561       0.93819246510341536        1.1181234369950910        9.1780861033843061E-004   2.9453494834708646E-002   6348.6217904642326        2565.2853046245104     
         173  0.96866903076575994       0.95859600945689716        1.1457711747380603        7.8396843842150018E-004   2.8057152679740186E-002   7615.1703587661432        2843.8655928016688     
         174  0.98903702991670162       0.97897242437918797        1.1728235768741746        6.6693002948821725E-004   2.6693700346843076E-002   9177.3086257595805        3161.0810208427561     
         175   1.0094036417327421       0.99933971360004104        1.1992004832301326        5.6496649655238111E-004   2.5359180601328489E-002   11115.005897834626        3523.7184355930804     
         176   1.0297820361190910        1.0197123548542935        1.2248223699182821        4.7647143984061143E-004   2.4050757783914325E-002   13533.145278689077        3940.0100980680822     
         177   1.0501829230702995        1.0401022594747875        1.2496103148715001        3.9995709494767547E-004   2.2766634854726010E-002   16570.559545347820        4420.0179224577969     
         178   1.0706144375472657        1.0605188200728985        1.2734859690254172        3.3405810586035480E-004   2.1505873997982435E-002   20412.652260987204        4976.1171757599468     
         179   1.0910833288120521        1.0809694628651421        1.2963732577417377        2.7752980981456381E-004   2.0268143872843154E-002   25309.488760594195        5623.6508051552419     
         180   1.1115957025284080        1.1014606081515952        1.3181996252564363        2.2924278103923708E-004   1.9053484421215308E-002   31602.186152875216        6381.8282953008265     
         181   1.1321548442913618        1.1219969186488863        1.3388945634838572        1.8817956285657763E-004   1.7862229145508120E-002   39761.221374251625        7274.8844254588421     
         182   1.1527642908280140        1.1425818087620820        1.3583937746405739        1.5342605469243612E-004   1.6694846372549643E-002   50444.017662159014        8333.7291547331133     
         183   1.1734262763179533        1.1632181487615376        1.3766383043531769        1.2416177063922650E-004   1.5552014053493941E-002   64583.084426139365        9598.2682951308580     
         184   1.1941422353970794        1.1839077637246025        1.3935761344519200        9.9654415661851894E-005   1.4434600079264670E-002   83522.036497514928        11120.632848160689     
         185   1.2149138858104469        1.2046522333598968        1.4091641715936825        7.9252718131255070E-005   1.3343495438583630E-002   109232.28738097636        12969.948905717507     
         186   1.2357412220906658        1.2254523933145609        1.4233679287683487        6.2379571261574944E-005   1.2279753875227117E-002   144664.77082296641        15239.268823328492     
         187   1.2566252729454079        1.2463087676381748        1.4361649998222925        4.8526238758697752E-005   1.1244312984332138E-002   194337.63196385757        18056.159226194828     
         188   1.2775670844851144        1.2672223940502361        1.4475455557002299        3.7244653561438622E-005   1.0238098338011982E-002   265354.47294541041        21599.243285996188     
         189   1.2985674889718741        1.2881942092566119        1.4575139513914701        2.8142920627829273E-005   9.2617898855079026E-003   369218.43065733218        26124.507326179595     
         190   1.3196241368510928        1.3092234161324727        1.4660903924653734        2.0881548571253339E-005   8.3148779497884441E-003   525181.42577993928        32008.908372994349     
         191   1.3407278789561068        1.3303041824883965        1.4733123465894868        1.5164478306925790E-005   7.3962072612124771E-003   766775.07910040603        39825.559020149420     
         192   1.3618675926497714        1.3514263476672859        1.4792368159569991        1.0730003845118965E-005   6.5057925133945437E-003   1155446.9704475880        50481.251257592216     
         193   1.3830314136117814        1.3725784084656720        1.4839406383697575        7.3496377936146987E-006   5.6449451305190532E-003   1810940.5813215920        65481.304584934136     
         194   1.4042212861264907        1.3937555727192636        1.4875229617133887        4.8267977430187957E-006   4.8155268671515750E-003   2985513.1876026238        87484.013396709895     
         195   1.4254488751674161        1.4149647638763556        1.4901035289820255        2.9953085236969985E-006   4.0187463648750626E-003   5266391.4732100815        121566.54505525452     
         196   1.4466838712530867        1.4361961469484144        1.4918249318575745        1.7215248648801066E-006   3.2439008024030386E-003   10198890.231851283        178480.06751324673     
         197   1.4680079919641773        1.4574767968603914        1.4928500833099299        8.7774913900497731E-007   2.4907191393315851E-003   22827965.570482146        285254.54247218452     
         198   1.4898226262820500        1.4790522635028054        1.4933570624379684        3.6007645468385478E-007   1.7292601404048555E-003   66784412.612193540        534506.05156293372     
         199   1.5000338302263203        1.4949582385031848        1.4935337106414501        1.4721188897563179E-007   1.1985859065831112E-003   196210629.50940821        1004093.4357881740     
         200   1.5048968305263113        1.5024721370044667        1.4935595260060446        7.5778374107870545E-008   1.1298896853793447E-003   392587705.72544891        1441416.5047488965     
