           1  -1.9122064526815918       -2.2132364483455729        3.8741305552631645E-006   6.2715394604896817        8.2971221375089822E-003   1.7504999360251889        58.469493654091593     
           2  -1.8873001489116612       -1.8995747816683459        4.5124031050937080E-006   5.7787559567988760        8.8299201506675824E-003   1.8415658709878464        59.045198756074413     
           3  -1.8628710956013719       -1.8749138781950867        5.2551610870841630E-006   5.7263088665953052        8.8909307478745835E-003   1.8520453503379832        59.111115568063575     
           4  -1.8387682163560903       -1.8506524669315663        6.1193490855780492E-006   5.6714668246234359        8.9553851220291556E-003   1.8632128485112627        59.182093316153761     
           5  -1.8148898701236433       -1.8266649542293012        7.1246217592150102E-006   5.6138531079670990        9.0238466036835965E-003   1.8751806083702702        59.258926476698932     
           6  -1.7911637877900430       -1.8028648256917625        8.2937683421979099E-006   5.5531632867576208        9.0968226750828933E-003   1.8880552187909885        59.342394670585627     
           7  -1.7675359902572143       -1.7791892250036940        9.6532015343253937E-006   5.4891433731123414        9.1747903725249904E-003   1.9019423570798248        59.433292725367131     
           8  -1.7439646794847747       -1.7555904380346683        1.1233520052176498E-005   5.4215795392071389        9.2582088937445545E-003   1.9169495290470018        59.532449115461851     
           9  -1.7204167457368573       -1.7320311327361739        1.3070155332889411E-005   5.3502944895806772        9.3475244775800461E-003   1.9331876296540076        59.640737475351045     
          10  -1.6968656041413490       -1.7084815515888783        1.5204114233635094E-005   5.2751473189104257        9.4431708281199605E-003   1.9507718689371067        59.759084371955474     
          11  -1.6732897203438779       -1.6849177033653253        1.7682831061710688E-005   5.1960349499889853        9.5455670245167441E-003   1.9698223952184055        59.888475301630727     
          12  -1.6496715278205571       -1.6613200906437051        2.0561143908211962E-005   5.1128940832073457        9.6551139602787037E-003   1.9904647999498111        60.029959988050180     
          13  -1.6259966015291338       -1.6376727591639613        2.3902412046298285E-005   5.0257030693937699        9.7721898417523767E-003   2.0128306015188233        60.184657510759827     
          14  -1.6022530218625617       -1.6139625694265185        2.7779793093826509E-005   4.9344833638414984        9.8971450271233517E-003   2.0370577615695300        60.353761504420277     
          15  -1.5784308899453277       -1.5901786384827363        3.2277700726063176E-005   4.8393003367486127        1.0030296395409076E-002   2.0632912696047279        60.538545538887028     
          16  -1.5545219654211999       -1.5663119181963021        3.7493465948199080E-005   4.7402632749236178        1.0171921423527455E-002   2.0916838275432155        60.740368748162297     
          17  -1.5305194021550150       -1.5423548833469545        4.3539227283243737E-005   4.6375244517973826        1.0322252172392483E-002   2.1223966680549675        60.960681777297935     
          18  -1.5064175600098684       -1.5183013064207622        5.0544077673275542E-005   4.5312771872511410        1.0481469413617009E-002   2.1556005447683173        61.201033135983387     
          19  -1.4822118734244056       -1.4941460985718797        5.8656498394410427E-005   4.4217528727489919        1.0649697151490682E-002   2.1914769366879709        61.463076073335294     
          20  -1.4578987601629076       -1.4698851988427561        6.8047112797824840E-005   4.3092170006472514        1.0826997801162678E-002   2.2302195123139321        61.748576114393913     
          21  -1.4334755562872603       -1.4455154963897683        7.8911795143583020E-005   4.1939643049801978        1.1013368267638345E-002   2.2720359005443203        62.059419422375527     
          22  -1.4089404660097060       -1.4210347731022679        9.1475172103685836E-005   4.0763131877961492        1.1208737128328082E-002   2.3171498154016321        62.397622170745286     
          23  -1.3842925175692131       -1.3964416565479651        1.0599455656486406E-004   3.9565996626370628        1.1412963054457633E-002   2.3658035801802915        62.765341125362482     
          24  -1.3595315186053396       -1.3717355755833465        1.2276435502187294E-004   3.8351710877574776        1.1625834517111308E-002   2.4182610943194440        63.164885649505663     
          25  -1.3346580066632996       -1.3469167132116653        1.4212099094855669E-004   3.7123799803927353        1.1847070719265976E-002   2.4748112840138718        63.598731354175797     
          26  -1.3096731924331020       -1.3219859533338578        1.6444838686127992E-004   3.5885781965237955        1.2076323586679472E-002   2.5357720764183251        64.069535623817259     
          27  -1.2845788950623807       -1.2969448198884146        1.9018404710255149E-004   3.4641117279976688        1.2313180551347180E-002   2.6014949386140134        64.580155255117987     
          28  -1.2593774703393223       -1.2717954084699585        2.1982578138399076E-004   3.3393163137669695        1.2557167785711341E-002   2.6723700277092037        65.133666455911339     
          29  -1.2340717336631402       -1.2465403118010887        2.5393910550402930E-004   3.2145139906753872        1.2807753506654621E-002   2.7488320088801004        65.733387464764604     
          30  -1.2086648804615081       -1.2211825413585418        2.9316535001716826E-004   3.0900106301046351        1.3064350974165350E-002   2.8313666149239514        66.382904072093467     
          31  -1.1831604070571224       -1.1957254479914230        3.3823049955276511E-004   2.9660944293298983        1.3326320862702858E-002   2.9205180447161050        67.086098352956341     
          32  -1.1575620349429572       -1.1701726445135976        3.8995477449452231E-004   2.8430352595185191        1.3592972778374124E-002   3.0168973291176200        67.847180962109007     
          33  -1.1318736410508488       -1.1445279330383262        4.4926295233440499E-004   2.7210847229655126        1.3863565819347928E-002   3.1211918312516889        68.670727395002075     
          34  -1.1060991959743309       -1.1187952393197640        5.1719540768050526E-004   2.6004767444397441        1.4137308212319304E-002   3.2341760933075490        69.561718685274670     
          35  -1.0802427113481072       -1.0929785556722718        5.9491982709537013E-004   2.4814285159922393        1.4413356184060450E-002   3.3567242938327153        70.525587090538949     
          36  -1.0543081968029737       -1.0670818932665698        6.8374352715569367E-004   2.3641416284786927        1.4690812326003166E-002   3.4898246379436890        71.568267414312373     
          37  -1.0282996262156636       -1.0411092438611300        7.8512627089251993E-004   2.2488032510276419        1.4968723769220038E-002   3.6345960689081611        72.696254723338001     
          38  -1.0022209124282411       -1.0150645504071509        9.0069343872099621E-004   2.1355872550616422        1.5246080503451146E-002   3.7923077651234389        73.916669347194428     
          39 -0.97607588926508437      -0.98895168552253765        1.0322493648700106E-003   2.0246552156485360        1.5521814152199637E-002   3.9644019749418962        75.237330192701307     
          40 -0.94986829952043228      -0.96277443658234463        1.1817905991466629E-003   1.9161572546573931        1.5794797468458886E-002   4.1525208477537934        76.666837571872151     
          41 -0.92360178760003186      -0.93653649610341194        1.3515187968628514E-003   1.8102327142914010        1.6063844757390935E-002   4.3585380492126591        78.214666932794998     
          42 -0.89727989562123367      -0.91024145616838836        1.5438528775054458E-003   1.7070106652519579        1.6327713376828246E-002   4.5845961086667302        79.891275102711319     
          43 -0.87090606195597919      -0.88389280578580154        1.7614400262756860E-003   1.6066102621120411        1.6585106422538975E-002   4.8331506461492886        81.708220907721099     
          44 -0.84448362139535693      -0.85749393027033716        2.0071650435036308E-003   1.5091409615770894        1.6834676675249738E-002   5.1070228745172876        83.678302330932212     
          45 -0.81801580629221682      -0.83104811191336370        2.2841574773047094E-003   1.4147026195053032        1.7075031867730763E-002   5.4094620813481287        85.815712718657508     
          46 -0.79150574818722408      -0.80455853137673650        2.5957959074993601E-003   1.3233854817151889        1.7304741317313913E-002   5.7442201796847030        88.136218951834294     
          47 -0.76495647954240376      -0.77802826937629732        2.9457086872878169E-003   1.2352700828694974        1.7522343956386015E-002   6.1156408952841304        90.657364978081603     
          48 -0.73837093529872921      -0.75146030832671618        3.3377703977101802E-003   1.1504270675588466        1.7726357776598554E-002   6.5287667545924259        93.398704661572950     
          49 -0.71175195404779745      -0.72485753370206196        3.7760932334672164E-003   1.0689169481369922        1.7915290679759600E-002   6.9894677830137049        96.382068568421758     
          50 -0.68510227866991968      -0.69822273493422393        4.2650125227663618E-003  0.99078981470976424        1.8087652699225076E-002   7.5045967567038634        99.631870082527897     
          51 -0.65842455634393027      -0.67155860572881454        4.8090655944534339E-003  0.91608501372492601        1.8241969520804719E-002   8.0821770239272102        103.17545716238116     
          52 -0.63172133788091689      -0.64486774372803413        5.4129632489311871E-003  0.84483081266081617        1.8376797192942322E-002   8.7316303893457157        107.04351712892317     
          53 -0.60499507638710326      -0.61815264950004600        6.0815531712160101E-003  0.77704406924378044        1.8490737873582349E-002   9.4640544205049295        111.27054314793246     
          54 -0.57824812527798541      -0.59141572486880833        6.8197747503008933E-003  0.71272992429922677        1.8582456416881065E-002   10.292560899251805        115.89537257654325     
          55 -0.55148273573726481      -0.56465927064330279        7.6326049430004766E-003  0.65188153774959334        1.8650697557926595E-002   11.232690141776448        120.96180912209059     
          56 -0.52470105372380194      -0.53788548384471446        8.5249950451604974E-003  0.59447988720140499        1.8694303411341050E-002   12.302919732640751        126.51934286696120     
          57 -0.49790511666758835      -0.51109645455426955        9.5017985086898460E-003  0.54049364796274046        1.8712230962516604E-002   13.525291098595666        132.62398470863477     
          58 -0.47109685001743240      -0.48429416253392676        1.0567690266548491E-002  0.48987917225789634        1.8703569198642009E-002   14.926183596198488        139.33923472069949     
          59 -0.44427806381955065      -0.45748047379112622        1.1727078393353818E-002  0.44258058375882292        1.8667555502227508E-002   16.537273808446454        146.73720744914158     
          60 -0.41745044951548566      -0.43065713727154725        1.2984009326543373E-002  0.39853000126469051        1.8603590915444800E-002   18.396728070856771        154.89994132409910     
          61 -0.39061557715013473      -0.40382578186951101        1.4342068287905064E-002  0.35764790242335437        1.8511253881271415E-002   20.550689574217049        163.92092431717592     
          62 -0.36377489317214157      -0.37698791394240716        1.5804276959684442E-002  0.31984363484419287        1.8390312077788684E-002   23.055138637841807        173.90687386027273     
          63 -0.33692971899498636      -0.35014491550421123        1.7372990861868675E-002  0.28501607787409461        1.8240731984639883E-002   25.978227124787701        184.97981604505583     
          64 -0.31008125046994772      -0.32329804325757039        1.9049799223487800E-002  0.25305445386612241        1.8062685848942585E-002   29.403217076095796        197.27951746114681     
          65 -0.28323055843966333      -0.29644842862466309        2.0835430415365837E-002  0.22383928292794564        1.7856555757759823E-002   33.432191594251535        210.96633296049546     
          66 -0.25637859028639576      -0.26959707881430345        2.2729666189455031E-002  0.19724346849663757        1.7622934712085390E-002   38.190755775664172        226.22454449330974     
          67 -0.22952617268006939      -0.24274487898935901        2.4731268027599493E-002  0.17313350010899137        1.7362624392674681E-002   43.834010363455498        243.26628025924674     
          68 -0.20267401547096692      -0.21589259560543184        2.6837918821399923E-002  0.15137075095660821        1.7076629649920488E-002   50.554166521800553        262.33612027972873     
          69 -0.17582271666178875      -0.18904088086043733        2.9046182872108965E-002  0.13181284558475748        1.6766149730394558E-002   58.590282785547238        283.71651462275111     
          70 -0.14897276857764438      -0.16219027828455770        3.1351486810520371E-002  0.11431507059806585        1.6432566215833021E-002   68.240753822273305        307.73416451258493     
          71 -0.12212456457161071      -0.13534122918660887        3.3748123496369645E-002   9.8731794682423810E-002   1.6077428278514154E-002   79.879378677458320        334.76754535490448     
          72  -9.5278406955062248E-002 -0.10849407999113470        3.6229280279722408E-002   8.4917872405084763E-002   1.5702434760333873E-002   93.976095407855098        365.25578485742022     
          73  -6.8434515542755550E-002  -8.1649090485755083E-002   3.8787092218177791E-002   7.2729994840263476E-002   1.5309414075778722E-002   111.12381900215632        399.70915069173139     
          74  -4.1593020696213338E-002  -5.4806434376031804E-002   4.1412721793625026E-002   6.2027963223788687E-002   1.4900300161438619E-002   132.07328216609960        438.72146675715402     
          75  -1.4754027559986647E-002  -2.7966229024990602E-002   4.4096453359032804E-002   5.2675812304478611E-002   1.4477121885191915E-002   157.77843467064778        482.98474948608470     
          76   1.2082453711209548E-002  -1.1285306148465246E-003   4.6827826036183594E-002   4.4542939573977036E-002   1.4041952691219677E-002   189.45556765555236        533.30660690862214     
          77   3.8916447786427694E-002   2.5706668649360654E-002   4.9595768662333180E-002   3.7504881222175525E-002   1.3596909604959025E-002   228.66100106053574        590.63088302808785     
          78   6.5748019491626397E-002   5.2539414135076040E-002   5.2388757668110547E-002   3.1444087704909369E-002   1.3144118153542207E-002   277.39285717933149        656.06206620021453     
          79   9.2577265386091998E-002   7.9369787024589564E-002   5.5194984110249312E-002   2.6250468409622918E-002   1.2685689125140086E-002   338.22515969233535        730.89433064748255     
          80  0.11940430659319549       0.10619789653806215        5.8002526807173119E-002   2.1821774953642764E-002   1.2223695588422264E-002   414.48485314972277        816.64602924916835     
          81  0.14622928225951590       0.13302387308822844        6.0799526765420504E-002   1.8063821204626688E-002   1.1760151081791239E-002   510.48610267126764        915.10070617675979     
          82  0.17305234356573967       0.15984786202397994        6.3574358092728767E-002   1.4890548458844785E-002   1.1296989645663698E-002   631.84119878105093        1028.3558939775828     
          83  0.19987364889897380       0.18667001823994275        6.6315790807634681E-002   1.2223949099303759E-002   1.0836048319781542E-002   785.87414469328280        1158.8812095625897     
          84  0.22669335927845050       0.21349050147943041        6.9013141359473035E-002   9.9938665865763002E-003   1.0379051751235638E-002   982.17214650682104        1309.5875617851527     
          85  0.25351164754317362       0.24030947885353157        7.1656408997045756E-002   8.1376912715058845E-003   9.9275970962433308E-003   1233.3226823734230        1483.9097132290319     
          86  0.28032864910441524       0.26712710390936745        7.4236384805951794E-002   6.5999619812474649E-003   9.4831569118251947E-003   1555.9014942080303        1685.9044959065789     
          87  0.30714452530278497       0.29394352542270791        7.6744756225236979E-002   5.3319289836447807E-003   9.0470485195413824E-003   1971.7969199712759        1920.3682459255826     
          88  0.33395942022763936       0.32075889584201900        7.9174173292267419E-002   4.2910354519531809E-003   8.6204513815672495E-003   2509.9952173542520        2192.9771136242598     
          89  0.36077346972924534       0.34757335500973502        8.1518299829375529E-002   3.4404013107440313E-003   8.2043954078347432E-003   3208.9843872244105        2510.4542447299436     
          90  0.38758680076639174       0.37438703419298935        8.3771840583211604E-002   2.7482850086889628E-003   7.7997633512400018E-003   4120.0028649249871        2880.7698063901576     
          91  0.41439953115338879       0.40120005563707711        8.5930546799769358E-002   2.1875513200767032E-003   7.4072936007087802E-003   5311.4362114538499        3313.3800220334383     
          92  0.44121176947870572       0.42801253240091625        8.7991201811908670E-002   1.7351547932480662E-003   7.0275848323414943E-003   6874.7787722807934        3819.5130084416264     
          93  0.46802361549041560       0.45482456851628494        8.9951588698648721E-002   1.3716479402332271E-003   6.6611023720237108E-003   8932.7317070417794        4412.5107057808582     
          94  0.49483516033552971       0.48163625929795162        9.1810442429414746E-002   1.0807209740258043E-003   6.3081857468388200E-003   11650.221527734211        5108.2380486231050     
          95  0.52164648722347451       0.50844769180161931        9.3567389130538553E-002   8.4877754339084176E-004   5.9690574149442628E-003   15249.417024437691        5925.5727651545012     
          96  0.54845769128880439       0.53525895538323820        9.5222876912488347E-002   6.6454930438786708E-004   5.6438294489769628E-003   20030.226099098803        6886.9924915490037     
          97  0.57526880895489563       0.56207011491590830        9.6778091058363186E-002   5.1874874387591982E-004   5.3325255004583990E-003   26398.331084496975        8019.2758824736675     
          98  0.60207991801425764       0.58888122814584321        9.8234880343551684E-002   4.0376451595332128E-004   5.0350690131996181E-003   34903.512727886715        9354.3446222413586     
          99  0.62889107604205663       0.61569236244494940        9.9595665532739908E-002   3.1338958867511328E-004   4.7513133059257032E-003   46292.283170738949        10930.273705537931     
         100  0.65570233566193581       0.64250357283623971       0.10086335519249731        2.4258864417018138E-004   4.4810424394066154E-003   61580.045326627202        12792.499005553362     
         101  0.68251374508877460       0.66931490967096208       0.10204126175209030        1.8729654290722240E-004   4.2239825092668711E-003   82150.305551576792        14995.267508974503     
         102  0.70932534855266327       0.69612641911013196       0.10313302085941824        1.4424672074168012E-004   3.9798108112745799E-003   109891.18015779955        17603.376019869425     
         103  0.73613718683415352       0.72293814360586128       0.10414251530554779        1.1082608675219317E-004   3.7481644848738516E-003   147383.43720770316        20694.256801506352     
         104  0.76294929770440001       0.74975012238758687       0.10507380448462680        8.4953295444078163E-005   3.5286485016127562E-003   198159.80673975634        24360.479878452523     
         105  0.78976171624594738       0.77656239184069187       0.10593106006734399        6.4977382395400404E-005   3.3208429819338828E-003   267062.93488877034        28712.755801601685     
         106  0.81657447524535665       0.80337498586432143       0.10671850830341298        4.9593946230585400E-005   3.1243098414351295E-003   360739.98655293579        33883.539613193047     
         107  0.84338764980087511       0.83018795905376763       0.10744038078331958        3.7776321542718089E-005   2.9385955596686283E-003   488326.64826504007        40031.366179901954     
         108  0.87020119686833797       0.85700132561315856       0.10810086404042446        2.8719243346292404E-005   2.7632505985597001E-003   662394.73231060023        47346.024759398111     
         109  0.89701517781850770       0.88381509631693345       0.10870407119353859        2.1793529263201560E-005   2.5978084281934586E-003   900261.90527888574        56054.800380093708     
         110  0.92382962048851192       0.91062931525163426       0.10925400495232310        1.6508957037085792E-005   2.4418125690950469E-003   1225812.9362022283        66429.987836233020     
         111  0.95064455136969184       0.93744400956075091       0.10975453380075120        1.2484891104493598E-005   2.2948094790932109E-003   1672021.7545861439        78797.866182627331     
         112  0.97745992921537084       0.96425917082135282       0.11020937221420979        9.4266722105059265E-006   2.1563481737136565E-003   2284452.6010195208        93549.508148099107     
         113   1.0042758241372283       0.99107481518434004       0.11062206581058721        7.1067687057975075E-006   2.0260007555092481E-003   3126137.0761423046        111153.78655006844     
         114   1.0310922564432310        1.0178909870910329       0.11099598090307036        5.3500616676353736E-006   1.9033396265508967E-003   4284331.5031616073        132172.95976521299     
         115   1.0579092460036987        1.0447077066238395       0.11133429792015466        4.0220650292608380E-006   1.7879539189344091E-003   5879938.0602070838        157281.43005782639     
         116   1.0847268126617804        1.0715249936390940       0.11164000817062991        3.0197622614991562E-006   1.6794471587520156E-003   8080608.6609150618        187288.28178125582     
         117   1.1115449767214620        1.0983428682174956       0.11191591345468005        2.2644267168836296E-006   1.5774380584212314E-003   11118995.958232988        223164.37224642024     
         118   1.1383640039465908        1.1251614771812375       0.11216462805370442        1.6960123640865122E-006   1.4815738619724963E-003   15318256.318494469        266074.95248711493     
         119   1.1651837499691398        1.1519808748986906       0.11238858452561430        1.2688802845609604E-006   1.3914714891224153E-003   21127212.202076245        317418.82026396395     
         120   1.1920039163087408        1.1788008375668981       0.11259003207935961        9.4831154319717290E-007   1.3068241310147570E-003   29170266.063993033        378875.09903633606     
         121   1.2188245860030109        1.2056212633526946       0.11277105355191777        7.0802499553140589E-007   1.2273023148087520E-003   40315832.613480054        452459.88667823141     
         122   1.2456457256704434        1.2324421752873227       0.11293356641562452        5.2812263282306923E-007   1.1526070812260551E-003   55773073.588866971        540595.12189785100     
         123   1.2724680674439026        1.2592639345621901       0.11307933261348441        3.9356757297643992E-007   1.0824805069975126E-003   77227264.034268975        646190.33421544207     
         124   1.2992912532430629        1.2860867113764736       0.11320996720701818        2.9304774598245495E-007   1.0166120926138034E-003   107024690.11730395        772739.87925571634     
         125   1.3261153471962355        1.3129103652709249       0.11332694723664519        2.1802493088501910E-007   9.5475974112424055E-004   148438580.80704144        924442.76160767186     
         126   1.3529404262531668        1.3397349669825960       0.11343162063383426        1.6208437340626804E-007   8.9668109073260771E-004   206034452.46043038        1106344.9940360703     
         127   1.3797665831562012        1.3665606016014606       0.11352521505365230        1.2040953041100889E-007   8.4214731149091662E-004   286183838.24438524        1324511.3659518659     
         128   1.4065939304503801        1.3933873720771015       0.11360884652251503        8.9388533722586675E-008   7.9094251778565462E-004   397782548.22782606        1586232.2899923173     
         129   1.4334226064976014        1.4202154042618029       0.11368352781894592        6.6316178410020506E-008   7.4286317703856487E-004   553255949.76512063        1900272.9781328591     
         130   1.4602534783326584        1.4470452121049167       0.11375017881986335        4.9169094405964672E-008   6.9770596523332780E-004   769966043.05109656        2277182.4663185342     
         131   1.4870856678928261        1.4738767631489420       0.11380962539358856        3.6433251589400137E-008   6.5531833884017370E-004   1072200255.3810142        2729637.8197580501     
         132   1.5139199838215875        1.5007100487278333       0.11386261932660172        2.6981504265586748E-008   6.1550655226979189E-004   1493886150.6332684        3272884.9153028009     
         133   1.5407568568638876        1.5275456827026044       0.11390983705076897        1.9971053163342599E-008   5.7811720455860720E-004   2082529131.3144591        3925289.7762795058     
         134   1.5675968366974438        1.5543841571234485       0.11395188802015410        1.4774462761636232E-008   5.4299901463781197E-004   2904616375.7034273        4708957.6476523038     
         135   1.5944406979903489        1.5812261376417760       0.11398932069667132        1.0924586217993045E-008   5.1001048635442015E-004   4053269218.7729588        5650515.9205803620     
         136   1.6212894757517025        1.6080725331237438       0.11402262810988562        8.0739429108316522E-009   4.7901775992601815E-004   5658984676.8690948        6782058.1501895962     
         137   1.6481445666334766        1.6349245649974982       0.11405225300225322        5.9642464989354033E-009   4.4989484743782022E-004   7904763956.9072332        8142295.3594584269     
         138   1.6750078458656883        1.6617838766174309       0.11407859257503979        4.4036532695392456E-009   4.2252289431286534E-004   11047442768.314011        9777964.8720053565     
         139   1.7018818135463876        1.6886526653375171       0.11410200285318807        3.2497685820561161E-009   3.9678956850555815E-004   15447828567.734802        11745562.309310570     
         140   1.7287697800721078        1.7155338489887244       0.11412280268979337        2.3969694408830900E-009   3.7258845043489780E-004   21613385942.001678        14113483.219065113     
         141   1.7557244865203512        1.7424562194243658       0.11414127743297800        1.7637985840335061E-009   3.5041390482422699E-004   30287285040.221897        16965434.768111356     
         142   1.7826444013861804        1.7693929907634061       0.11415768228050351        1.3017894016258437E-009   3.2839336514256696E-004   42389869690.079582        20399174.886782326     
         143   1.8096092921440228        1.7963360908959347       0.11417225646132526        9.5866987893426054E-010   3.0810958661173238E-004   59426248151.764610        24541042.485085621     
         144   1.8366034482359155        1.8233160686847021       0.11418518296752282        7.0501204892064238E-010   2.8914580188277322E-004   83415165369.079559        29540880.703402463     
         145   1.8636506090088505        1.8503375513041647       0.11419665400307116        5.1816320629195996E-010   2.7117038134254944E-004   117195868742.65355        35581622.062406272     
         146   1.8907006673295241        1.8773862059524589       0.11420679765674807        3.8006482138359026E-010   2.5458310567643387E-004   164902612670.81396        42878198.184074283     
         147   1.9178666657976253        1.9044960429634159       0.11421581666133863        2.7908184407215014E-010   2.3834237455626535E-004   232096069117.59543        51714666.834517658     
         148   1.9451247336931747        1.9317095178956263       0.11422381332814914        2.0435419685833199E-010   2.2314776327129714E-004   327582105270.03522        62458579.721995220     
         149   1.9724951688800760        1.9590255356446151       0.11423090218490528        1.4936542540418843E-010   2.0870360190098559E-004   463430857306.58502        75542289.274827838     
         150   2.0000000000000000        1.9864652907915246       0.11423718517752475        1.0893690878118366E-010   1.9492898303416609E-004   657486354684.73828        91528094.667248562     
