           1  -1.6929225143214308       -1.9939525099854118        4.9340754158181852E-005   17.081546774968626       0.10293719688863580       0.18246796839222154        10.058434401967096     
           2  -1.6750684796038915       -1.6839037550328972        5.4948311171684085E-005   16.873153850658380       0.10293318907220189       0.18472514639031484        10.120554470607612     
           3  -1.6578543988027501       -1.6663761557164609        6.1189783475984610E-005   16.855805071174146       0.10293414404350082       0.18491441633534669        10.125714433140569     
           4  -1.6410254771952415       -1.6493584279589200        6.8137709223710144E-005   16.838253349666044       0.10293232286502514       0.18510880346043682        10.131080061773327     
           5  -1.6244685324855956       -1.6326681079657479        7.5871406269843931E-005   16.819363943765516       0.10293327303787619       0.18531583918860564        10.136720660220496     
           6  -1.6080965807977066       -1.6162054128650498        8.4478969949034217E-005   16.799805853151661       0.10293188660004060       0.18553283070583662        10.142687763191548     
           7  -1.5918910625695746       -1.5999182382957067        9.4053355316798528E-005   16.778789485169167       0.10293221517863800       0.18576492440711706        10.149021717078112     
           8  -1.5758049104427361       -1.5837735124135992        1.0471254452820816E-004   16.756628739331493       0.10293161204186617       0.18601114464813273        10.155760326042314     
           9  -1.5598389846089971       -1.5677485824346491        1.1656704710366766E-004   16.733033020047657       0.10293114918161522       0.18627386299774018        10.162941115052583     
          10  -1.5439587738676068       -1.5518262997283270        1.2976215766879255E-004   16.707907469470921       0.10293068595446030       0.18655440363654544        10.170602706092376     
          11  -1.5281657591172153       -1.5359904817980534        1.4443457840648889E-004   16.681100105753952       0.10293037638769952       0.18685448689606801        10.178787065973285     
          12  -1.5124286526079773       -1.5202259284853210        1.6076257275145767E-004   16.652553438903766       0.10292973750554815       0.18717538339812595        10.187539448075148     
          13  -1.4967493820832962       -1.5045182628851583        1.7891561706495008E-004   16.622056685640466       0.10292916715314453       0.18751931660787671        10.196909037651533     
          14  -1.4811024055255213       -1.4888554304882995        1.9911170646267029E-004   16.589442204809369       0.10292875705943243       0.18788834978209307        10.206947899626291     
          15  -1.4654893229772628       -1.4732257058592564        2.2156128572587536E-004   16.554637883966564       0.10292792956084086       0.18828412140722611        10.217712836460146     
          16  -1.4498957914349069       -1.4576225744019147        2.4652174520531345E-004   16.517359920723127       0.10292742396320922       0.18870952256985815        10.229261619598626     
          17  -1.4343085376472939       -1.4420322380709134        2.7427978619505073E-004   16.477514473334463       0.10292660849232660       0.18916660382551068        10.241662774706008     
          18  -1.4187328979870082       -1.4264508955075652        3.0512516515219482E-004   16.434852551464409       0.10292588513786435       0.18965831276048228        10.254982952312700     
          19  -1.4031585599630012       -1.4108759183342281        3.3940688374415565E-004   16.389217380603341       0.10292503594365866       0.19018719390718042        10.269292701917289     
          20  -1.3875818699249478       -1.3953003832173314        3.7750221597641545E-004   16.340377636583508       0.10292415080415020       0.19075646452645165        10.284672415921282     
          21  -1.3719956160896472       -1.3797188255081765        4.1984040518327939E-004   16.288112800446875       0.10292318850146553       0.19136945309887818        10.301207939944439     
          22  -1.3564060202443247       -1.3641308706827906        4.6686204582763755E-004   16.232197981027873       0.10292215570928243       0.19202962417927583        10.318986672231084     
          23  -1.3408068304217140       -1.3485363917343418        5.1908944786017357E-004   16.172401316349649       0.10292104327409886       0.19274068596658309        10.338101915436969     
          24  -1.3251966429881268       -1.3329316043277406        5.7708815925707705E-004   16.108463401946683       0.10291984569457240       0.19350684052484560        10.358658924671053     
          25  -1.3095709047681872       -1.3173135017079092        6.4149744584227888E-004   16.040113565530298       0.10291855586255966       0.19433262603898108        10.380770574934365     
          26  -1.2939349160691247       -1.3016825460261072        7.1298351454863952E-004   15.967082519068263       0.10291716662833014       0.19522279199520673        10.404553759277997     
          27  -1.2782844398200994       -1.2860391831062361        7.9232209635646494E-004   15.889090712159557       0.10291567023273125       0.19618247182297466        10.430133770250556     
          28  -1.2626184082876146       -1.2703807890213235        8.8035683137574114E-004   15.805830864032282       0.10291405797429136       0.19721744047980974        10.457650835971148     
          29  -1.2469358535207573       -1.2547063468011939        9.7801809333177372E-004   15.716990860324751       0.10291232056839451       0.19833388261294424        10.487253551615252     
          30  -1.2312332291466832       -1.2390135759540486        1.0863497648016330E-003   15.622239066017258       0.10291044778894863       0.19953863020260007        10.519104761061586     
          31  -1.2155141327176495       -1.2233025665971500        1.2064519003941669E-003   15.521245949006357       0.10290842880834655       0.20083895151811496        10.553375471694851     
          32  -1.1997749211733573       -1.2075732304995128        1.3395864329956673E-003   15.413672807612292       0.10290625188435205       0.20224276027164059        10.590249841788429     
          33  -1.1840141734804874       -1.1918230556466238        1.4871264694576621E-003   15.299154863896813       0.10290390390242038       0.20375892173007373        10.629932533488507     
          34  -1.1682302878111470       -1.1760505289125467        1.6505833078067455E-003   15.177325095929820       0.10290137072260566       0.20539704125330840        10.672642341036974     
          35  -1.1524200044346853       -1.1602532043676925        1.8316365290212656E-003   15.047801815343821       0.10289863677603531       0.20716773919022310        10.718618460393287     
          36  -1.1365844473656292       -1.1444300539673653        2.0320782141062910E-003   14.910208954709953       0.10289568532146259       0.20908250185901320        10.768115547443408     
          37  -1.1207200292822053       -1.1285798030928507        2.2539287840002797E-003   14.764167249658396       0.10289249807566592       0.21115393929126691        10.821409212110568     
          38  -1.1048243603538683       -1.1126994739458258        2.4993888245647329E-003   14.609281132028872       0.10288905470064218       0.21339614271238863        10.878803748589981     
          39  -1.0888947599878511       -1.0967865285197902        2.7708721298777710E-003   14.445160567628459       0.10288533301659769       0.21582457407039846        10.940627542768759     
          40  -1.0729284998550448       -1.0808382617580932        3.0710194097225336E-003   14.271419171689068       0.10288130867412026       0.21845631214191577        11.007237392494901     
          41  -1.0569224068138270       -1.0648517186547861        3.4027238556643379E-003   14.087677178891827       0.10287695488817623       0.22131026510871990        11.079021573233099     
          42  -1.0408721366350608       -1.0488231294879100        3.7691700561390019E-003   13.893558698360483       0.10287224198290949       0.22440751538718140        11.156405766138583     
          43  -1.0247758523838804       -1.0327494265753041        4.1737706892082957E-003   13.688714189778384       0.10286713749354430       0.22777130851391741        11.239849567026416     
          44  -1.0086285616641797       -1.0166271657813932        4.6203156022830427E-003   13.472814946223156       0.10286160554951658       0.23142752239530154        11.329854491434189     
          45 -0.99242585131094418       -1.0004516492879922        5.1129141673248403E-003   13.245545512388331       0.10285560609612526       0.23540526229100731        11.426974166988416     
          46 -0.97616288502352511      -0.98421824797929092        5.6560420567750812E-003   13.006627490275594       0.10284909483371711       0.23973699693612216        11.531812329347012     
          47 -0.95983444743980939      -0.96792193195834164        6.2545657568274611E-003   12.755820651219794       0.10284202250408331       0.24445914651134112        11.645030956627837     
          48 -0.94343486780969965      -0.95155725328112428        6.9137716212976773E-003   12.492930401924770       0.10283433423134276       0.24961266043033223        11.767356839289446     
          49 -0.92695797793399370      -0.93511828705895061        7.6393951088414057E-003   12.217815144291750       0.10282596874038342       0.25524370802138224        11.899589345889458     
          50 -0.91039711215770069      -0.91859861079981386        8.4376489256956320E-003   11.930394732350070       0.10281685746943051       0.26140447859854743        12.042608963914143     
          51 -0.89374449924526300      -0.90199099449568132        9.3152837006092813E-003   11.630654202130598       0.10280692336440689       0.26815424418031131        12.197389740722825     
          52 -0.87699338701709506      -0.88528818503371087        1.0279504384419264E-002   11.318667316664843       0.10279608014820174       0.27556015965772035        12.365003092357698     
          53 -0.86013478533806165      -0.86848228839415409        1.1338166921953498E-002   10.994596722681880       0.10278423064766819       0.28369876878097700        12.546634805258437     
          54 -0.84315952367179514      -0.85156422081049676        1.2499703176711398E-002   10.658692449277600       0.10277126473547191       0.29265787738086779        12.743606065384519     
          55 -0.82605771048015764      -0.83452444230178535        1.3773175159422524E-002   10.311315979825638       0.10275705791135821       0.30253809907800006        12.957382391093814     
          56 -0.80881861902538543      -0.81735263328227648        1.5168309084016108E-002   9.9529439637293340       0.10274146885116532       0.31345525557721687        13.189595883490215     
          57 -0.79143070859413578      -0.80003764933844335        1.6695518132070250E-002   9.5841765580827527       0.10272433672987566       0.32554312003552888        13.442067699036464     
          58 -0.77388149177079224      -0.78256746387893317        1.8365934884556415E-002   9.2057447185699708       0.10270547805585520       0.33895673552614730        13.716834102212399     
          59 -0.75615749795561138      -0.76492908438950014        2.0191434165867956E-002   8.8185157101458618       0.10268468289808128       0.35387645979894361        14.016177037939176     
          60 -0.73824420809876157      -0.74710850117188421        2.2184654835932360E-002   8.4234977702758282       0.10266171045364186       0.37051286043631959        14.342659014267912     
          61 -0.72012595014769398      -0.72909060190740682        2.4359022479534947E-002   8.0218420738501148       0.10263628374518746       0.38911272435349392        14.699164182844239     
          62 -0.70178587422896821      -0.71085910765582783        2.6728759204621168E-002   7.6148427781370902       0.10260808334407236       0.40996640665163020        15.088945707447776     
          63 -0.68320554431896152      -0.69239635205547767        2.9308940208580894E-002   7.2039307845243057       0.10257673962214922       0.43341708114068150        15.515684601730424     
          64 -0.66436604203111416      -0.67368364502564915        3.2115336356805052E-002   6.7906772001873925       0.10254182455465131       0.45987139166277208        15.983544351184445     
          65 -0.64524616220716591      -0.65470089116766905        3.5164649403645866E-002   6.3767764579618529       0.10250284065204515       0.48981361943112173        16.497251949400379     
          66 -0.62582349800382076      -0.63542626078598952        3.8474350762009446E-002   5.9640266516127793       0.10245920764948219       0.52382343960643540        17.062193768883329     
          67 -0.60607407808100144      -0.61583653529670201        4.2062708174461935E-002   5.5543203787434177       0.10241024808761476       0.56259693810388933        17.684507990344645     
          68 -0.58597235707022133      -0.59590692461685735        4.5948758062599890E-002   5.1496191797210624       0.10235516898460133       0.60697387177930984        18.371207707683752     
          69 -0.56549117990761322      -0.57561104402402474        5.0152277068421645E-002   4.7519267085927970       0.10229304033544655       0.65797171260673937        19.130320400522322     
          70 -0.54460179357159300      -0.55492090248140602        5.4693741995971136E-002   4.3632573936627761       0.10222276956864841       0.71682863399072050        19.971050770403767     
          71 -0.52327391083616448      -0.53380694077790858        5.9594277844031207E-002   3.9856015668585476       0.10214307142510771       0.78505785371381320        20.903969214740098     
          72 -0.50147581516175677      -0.51223811618116510        6.4875598732476822E-002   3.6208873635199756       0.10205243260780357       0.86451653485790159        21.941229785513457     
          73 -0.47917455398689590      -0.49018205254154096        7.0559934949316103E-002   3.2709403710319567       0.10194907066018874       0.95749328597994210        23.096820804124491     
          74 -0.45633619766248384      -0.46760526730048774        7.6669956082434987E-002   2.9374420992039529       0.10183088663801042        1.0668194438928642        24.386851517542368     
          75 -0.43292625775896393      -0.44447351244638073        8.3228672851318727E-002   2.6218889879371998       0.10169541156027928        1.1960105797389997        25.829876230702055     
          76 -0.40891020652737436      -0.42075224533408678        9.0259338445992474E-002   2.3255534657590018       0.10153974705135146        1.3494463804639432        27.447257146353678     
          77 -0.38425418561993957      -0.39640724630796104        9.7785334550207367E-002   2.0494488484734910       0.10136050139580211        1.5325990129993192        29.263565324850710     
          78 -0.35892590393911861      -0.37140542610957394       0.10583004867149014        1.7943002855078505       0.10115372360415853        1.7523220932903469        31.307014452630657     
          79 -0.33289574720100024      -0.34571583470226452       0.11441674319304225        1.5605235514082711       0.10091483964364027        2.0172148441717028        33.609919564066182     
          80 -0.30613811413189379      -0.31931089025404874       0.12356841535562488        1.3482135115938791       0.10063859729017524        2.3380782252333079        36.209166588436467     
          81 -0.27863296792886705      -0.29216782969180455       0.13330765042378936        1.1571436780548154       0.10031902871488418        2.7284817526980909        39.146672377830974     
          82 -0.25036737600982806      -0.26427025806622556       0.14365653956721433       0.98677712213097180        9.9949441300417094E-002   3.2054628099021980        42.469821199601590     
          83 -0.22133812502651792      -0.23561024784545842       0.15463624699982245       0.83629201799487640        9.9522458447539625E-002   3.7903690790624616        46.231781658384129     
          84 -0.19155245289287606      -0.20618998625730514       0.16626725140009371       0.70461475380275729        9.9030113704514325E-002   4.5098762863215969        50.491776238590056     
          85 -0.16103050111206943      -0.17602339914240953       0.17856892207926228       0.59046429642779463        9.8464020760287888E-002   5.3971883549482769        55.315208004361295     
          86 -0.12980650917764425      -0.14513795594171072       0.19155942382278382       0.49240529170675867        9.7815635645361984E-002   6.4934148183056610        60.773557243684252     
          87  -9.7929701650654621E-002 -0.11357570507134711       0.20525553922729117       0.40890341257079427        9.7076603001680500E-002   7.8491382692513696        66.944129891690380     
          88  -6.5464358532297096E-002  -8.1393735545768800E-002  0.21967252748134813       0.33838139107651133        9.6239179737873409E-002   9.5261534318769545        73.909618726532287     
          89  -3.2489073473761294E-002  -4.8663821075273651E-002  0.23482395848209306       0.27927171347949392        9.5296706814084337E-002   11.599362040524186        81.757524420550482     
          90   9.0496156086461606E-004  -1.5471165694443101E-002  0.25072156338773255       0.23006277400179778        9.4244084240760875E-002   14.158804935665740        90.579501997854166     
          91   3.4616543938284908E-002   1.8087773246425347E-002  0.26737508158260703       0.18933601727592744        9.3078191449653139E-002   17.311822657000430        100.47073219523053     
          92   6.8537847227661958E-002   5.1908296510513610E-002  0.28479215643636951       0.15579271205407019        9.1798191308925206E-002   21.185357651746038        111.52944037093458     
          93  0.10255805244997328        8.5880983821802467E-002  0.30297814684219271       0.12827027629400603        9.0405671287262290E-002   25.928424726591636        123.85664201148919     
          94  0.13656733282089548       0.11989551281408840       0.32193607903980820       0.10574882325240006        8.8904588558481948E-002   31.714828585654537        137.55623935414334     
          95  0.17046026391745184       0.15384434579503772       0.34166644142093622        8.7349622800300328E-002   8.7301025585008768E-002   38.746215823338630        152.73549059735959     
          96  0.20413904677410932       0.18762603996546487       0.36216718100664569        7.2327380634355273E-002   8.5602781709171308E-002   47.255604598834715        169.50591067070380     
          97  0.23751563058608427       0.22114789372731461       0.38343350768047246        6.0058458073912482E-002   8.3818860520047403E-002   57.511533213967077        187.98456370522098     
          98  0.27051333921968024       0.25432780541732053       0.40545789079437111        5.0026872308032155E-002   8.1958914715004300E-002   69.823007125550035        208.29573560020830     
          99  0.30306746625125919       0.28709535801748165       0.42822992414827826        4.1809598611105954E-002   8.0032714003508837E-002   84.545447954708720        230.57296412332960     
         100  0.33512532019734181       0.31939212365721104       0.45173628195620857        3.5062295446521251E-002   7.8049689753266080E-002   102.08785164105414        254.96137407066811     
         101  0.36664566683930921       0.35117139234571038       0.47596064089569112        2.9506141699252367E-002   7.6018589276458229E-002   122.92144963841217        281.62035346320994     
         102  0.39759781870750294       0.38239742927566350       0.50088361264316561        2.4916179822898288E-002   7.3947259022521555E-002   147.59019380841869        310.72656593342589     
         103  0.42796045422580548       0.41304442361224908       0.52648263484057811        2.1111292985298354E-002   7.1842559207469084E-002   176.72348600345271        342.47733886499338     
         104  0.45772063367776311       0.44309540991445490       0.55273208219697889        1.7945766601278855E-002   6.9710389438280077E-002   211.05188258502790        377.09466830455921     
         105  0.48687240219968059       0.47254107150419694       0.57960301963840710        1.5302335333274559E-002   6.7555827483527245E-002   251.42639950949876        414.82974319863206     
         106  0.51541586056150701       0.50137858704760652       0.60706323961096986        1.3086515438823016E-002   6.5383351720767452E-002   298.84251878888011        455.96819777659812     
         107  0.54335640160362397       0.52961078833356501       0.63507732851105669        1.1222019732671198E-002   6.3197115117813327E-002   354.47070184307285        500.83654762696938     
         108  0.57070377490976743       0.55724530953201024       0.66360638553195561        9.6471013158159098E-003   6.1001274419195409E-002   419.69491395958602        549.80955126378058     
         109  0.59747208683927111       0.58429413575345457       0.69260847156469119        8.3116284238484561E-003   5.8800312028220905E-002   496.16264610587342        603.31938391145718     
         110  0.62367862500622717       0.61077299787387529       0.72203764064200726        7.1747830198616771E-003   5.6599378032870559E-002   585.84860341715489        661.86579705183283     
         111  0.64934486867167873       0.63670132448919980       0.75184509295013768        6.2032200396717960E-003   5.4404528946371829E-002   691.13881835622260        726.02910918286170     
         112  0.67449562428862186       0.66210228659345816       0.78197820147008423        5.3696220640095165E-003   5.2222885823446016E-002   814.94039801643612        796.48547596903893     
         113  0.69915972399504767       0.68700273855909089       0.81238116872435706        4.6515663666155073E-003   5.0062636311839319E-002   960.82417207756305        874.02465820433088     
         114  0.72336966603350250       0.71143337244450822       0.84299451854653096        4.0306272377767091E-003   4.7932828402873738E-002   1133.2111431128549        959.57142820466697     
         115  0.74716205418387582       0.73542877000669160       0.87375568389189817        3.4916685516650325E-003   4.5842916420712788E-002   1337.6141961358030        1054.2109649062402     
         116  0.77057689554783126       0.75902725617243749       0.90459853474412166        3.0222808158724529E-003   4.3802079221250886E-002   1580.9488623557017        1159.2187141173938     
         117  0.79365691405575711       0.78227020647933077       0.93545331470244864        2.6123268487770247E-003   4.1818371031196490E-002   1871.9270938609793        1276.0945129444369     
         118  0.81644729068588517       0.80520158092232341       0.96624776717987604        2.2535472495763759E-003   3.9897764984598107E-002   2221.5651187192520        1406.6062280213469     
         119  0.83899316000028734       0.82786651408667900       0.99690589156383980        1.9392230647959389E-003   3.8043410826847361E-002   2643.8238038069967        1552.8394166207518     
         120  0.86133903364026188       0.85030980201838469        1.0273496074377748        1.6638635941526882E-003   3.6255234017752221E-002   3156.4355370597268        1717.2595411096870     
         121  0.88352586056608007       0.87257411415985864        1.0574973064393403        1.4229230914620274E-003   3.4530139398284081E-002   3781.9815596179624        1902.7874337266983     
         122  0.90559066702050262       0.89469837705475175        1.0872655362921595        1.2125521793486880E-003   3.2862774134791412E-002   4549.3301217097614        2112.8945593232374     
         123  0.92756462807956741       0.91671660955854539        1.1165678532677612        1.0293989188353088E-003   3.1246708836242486E-002   5495.5878150359840        2351.7229634178957     
         124  0.94947441534148269       0.93865767332770333        1.1453171282556012        8.7046780590318434E-004   2.9675599948071466E-002   6668.7975386508342        2624.2429757867067     
         125  0.97134188319611048       0.96054576776976730        1.1734249991389278        7.3303721473365368E-004   2.8144046837016594E-002   8131.6879451620016        2936.4585163788997     
         126  0.99318420916685257       0.98240034844693891        1.2008016841491469        6.1462608016935581E-004   2.6648018996789296E-002   9966.8185267810713        3295.6584534832991     
         127   1.0150156384481765        1.0042370891269803        1.2273578330328989        5.1297600567183133E-004   2.5184803363409284E-002   12283.826288848830        3710.7555534520029     
         128   1.0368478680313480        1.0260689286148330        1.2530048006202184        4.2604114466259727E-004   2.3752752781580237E-002   15229.704709416579        4192.7349460923897     
         129   1.0586904495828520        1.0479064642854319        1.2776553662917731        3.5198017208156802E-004   2.2351021688771462E-002   19003.478800996800        4755.2391619469472     
         130   1.0805514152865756        1.0697584691165365        1.3012248959218402        2.8914415037616825E-004   2.0979319526943853E-002   23877.557008145039        5415.3589674672212     
         131   1.1024361301171530        1.0916316083462025        1.3236309967368229        2.3606440152575554E-004   1.9637751631902529E-002   30228.988684040512        6194.6820747896954     
         132   1.1243503869636380        1.1135314665230522        1.3447977015248254        1.9143578448228835E-004   1.8326535174752211E-002   38586.616192753871        7120.7938099493604     
         133   1.1462975479666695        1.1354625907525215        1.3646538415356582        1.5410153569963962E-004   1.7046013813523865E-002   49702.886970777778        8229.3446772595144     
         134   1.1682807400686941        1.1574282227913730        1.3831358565866074        1.2303755834034010E-004   1.5796959843318758E-002   64665.931649214639        9566.9729261323737     
         135   1.1903013555617024        1.1794306004665354        1.4001879775495847        9.7342547481628342E-005   1.4580332478445243E-002   85077.276470036129        11195.541045132230     
         136   1.2123615317355683        1.2014714981172920        1.4157658507616515        7.6227034128434088E-005   1.3396915667732889E-002   113341.39818937432        13198.459103735631     
         137   1.2344629652725412        1.2235528272711012        1.4298369301991669        5.8999499638877074E-005   1.2247562292320836E-002   153153.47067870092        15690.296888164074     
         138   1.2566069136313800        1.2456760595216132        1.4423820805025791        4.5057195533022573E-005   1.1133263427978315E-002   210341.32275511333        18831.583188711218     
         139   1.2787958821962226        1.2678430923183697        1.4533984749549032        3.3877704329752793E-005   1.0054696904992892E-002   294375.41375803965        22852.760890461042     
         140   1.3010307859045054        1.2900556156637057        1.4629005432273683        2.5010351884577984E-005   9.0119002202629830E-003   421184.14142388408        28093.902165675408     
         141   1.3233062126909410        1.3123112999428144        1.4709219339279018        1.8068760649614971E-005   8.0036301709025121E-003   618625.94276351214        35072.963655955093     
         142   1.3456396299982989        1.3346164663929210        1.4775190224208126        1.2704250751123149E-005   7.0351372861169898E-003   938457.59729247261        44613.812434002000     
         143   1.3679597033319839        1.3569430402503482        1.4827694707504442        8.6658819547819222E-006   6.0860662324042671E-003   1479172.7382157731        58077.168216851453     
         144   1.3902957845614856        1.3792713232373104        1.4867770619814069        5.6614320607929418E-006   5.1797858705882709E-003   2454244.3320817803        77886.304953233368     
         145   1.4126853539104332        1.4016348369311173        1.4896715108863248        3.4922861585606473E-006   4.3104171655817952E-003   4361446.2591890115        108709.02257446265     
         146   1.4351359440393188        1.4240557040315209        1.4916061313532514        1.9900227133062127E-006   3.4664832604833157E-003   8534879.8760697208        160585.59445130805     
         147   1.4578393418983067        1.4466359828665893        1.4927602557444308        1.0000999634305692E-006   2.6383968887957352E-003   19466439.551944058        259650.03486632131     
         148   1.4822119127761528        1.4701965782416919        1.4933318157930759        3.8605304432701832E-007   1.7613593483900912E-003   61720442.930885725        511484.73728864820     
         149   1.4951497927790331        1.4887290293480329        1.4935307680093484        1.3093778519687020E-007   1.0743965489725354E-003   232998275.71165922        1124515.2679936879     
         150   1.5048968305263113        1.5000506556424473        1.4935595260060446        4.3002411923842628E-008   7.5769502187842612E-004   844811793.66201675        2336611.6063338206     
