           1  -2.9453823842499469       -3.2464123799139277        4.9933408253416576E-007   995.03429862394432       0.14743626940125984        2.6173378296717839E-003   1.1011816401375745     
           2  -2.9296501760435425       -2.9374450471314693        5.5416054322091968E-007   993.51326819079281       0.14743352971172824        2.6213692282889729E-003   1.1020344901929129     
           3  -2.9159775382824153       -2.9227600534331848        6.1500455979948863E-007   993.36748985927659       0.14743924464166699        2.6217031068571164E-003   1.1020939900305098     
           4  -2.9018611646280998       -2.9088619988863829        6.8252620143126735E-007   993.30904973272243       0.14743169260438715        2.6219245016794197E-003   1.1021546370177426     
           5  -2.8862088874764851       -2.8939645149901581        7.5745787366436640E-007   993.14606958371246       0.14743718806067527        2.6223059001340555E-003   1.1022245255094012     
           6  -2.8701692451971015       -2.8781150222507046        8.4061223439400940E-007   993.02259086299341       0.14743423903052402        2.6226582035249477E-003   1.1023040763362724     
           7  -2.8540848783944304       -2.8620526042323862        9.3289097417482736E-007   992.85999686366972       0.14743531920128478        2.6230780896892192E-003   1.1023902928004310     
           8  -2.8381570880199756       -2.8460479681506183        1.0352945549415419E-006   992.69794088483968       0.14743481395111147        2.6235107973029675E-003   1.1024821597126759     
           9  -2.8223752383635214       -2.8301944799543302        1.1489330113748804E-006   992.52244640269089       0.14743484174414673        2.6239744303384249E-003   1.1025795200750315     
          10  -2.8067251901418215       -2.8144797232699825        1.2750379304227125E-006   992.33747459672270       0.14743469903894682        2.6244648095754245E-003   1.1026828094088093     
          11  -2.7911849951334875       -2.7988855877313639        1.4149757369678883E-006   992.14070325244563       0.14743459476746523        2.6249862481347369E-003   1.1027925415407811     
          12  -2.7757355623612985       -2.7833915833118947        1.5702624274518584E-006   991.93148574819077       0.14743447188003123        2.6255410026228619E-003   1.1029092951699107     
          13  -2.7603622555793503       -2.7679808888155031        1.7425799085578085E-006   991.70865629634488       0.14743434355451490        2.6261320847544094E-003   1.1030336759435071     
          14  -2.7450509235267395       -2.7526391166865603        1.9337941149840897E-006   991.47109960485830       0.14743420605441548        2.6267625314589670E-003   1.1031663260007589     
          15  -2.7297881719843935       -2.7373525023499701        2.1459750990694710E-006   991.21758392882771       0.14743405928132886        2.6274356650182371E-003   1.1033079401105450     
          16  -2.7145638769920062       -2.7221093164994730        2.3814193057551894E-006   990.94680973565244       0.14743390235517292        2.6281550051317276E-003   1.1034592553873035     
          17  -2.6993697689481988       -2.7069003792447299        2.6426742692925227E-006   990.65741161877509       0.14743373449051836        2.6289242576838004E-003   1.1036210472061680     
          18  -2.6841993253776555       -2.6917183102350100        2.9325659934582383E-006   990.34794695137327       0.14743355483209933        2.6297473481696290E-003   1.1037941364290174     
          19  -2.6690470214876689       -2.6765570948043318        3.2542293050754393E-006   990.01688580640007       0.14743336247468031        2.6306284504490690E-003   1.1039793952872758     
          20  -2.6539084958711561       -2.6614118001634304        3.6111415016315775E-006   989.66260279522157       0.14743315645401958        2.6315720110270842E-003   1.1041777523606071     
          21  -2.6387802383078265       -2.6462784980144041        4.0071596480436515E-006   989.28337183509620       0.14743293574395733        2.6325827658866042E-003   1.1043901959606102     
          22  -2.6236594913592031       -2.6311540611419599        4.4465619154780247E-006   988.87735751952107       0.14743269925084415        2.6336657668104778E-003   1.1046177794871288     
          23  -2.6085440799637856       -2.6160360283987880        4.9340933969568068E-006   988.44260687162057       0.14743244580819184        2.6348264071988040E-003   1.1048616266506366     
          24  -2.5934322921884823       -2.6009224603360579        5.4750168806785686E-006   987.97703978929917       0.14743217417046298        2.6360704519680042E-003   1.1051229375205980     
          25  -2.5783227852802315       -2.5858118328321456        6.0751691129913822E-006   987.47843937257755       0.14743188300669194        2.6374040684491820E-003   1.1054029947469584     
          26  -2.5632144920940383       -2.5707029433400637        6.7410231392661899E-006   986.94444151048890       0.14743157089355752        2.6388338600498783E-003   1.1057031703198075     
          27  -2.5481065514951906       -2.5555948295136619        7.4797573730612365E-006   986.37252374335424       0.14743123630790042        2.6403669027591351E-003   1.1060249328773015     
          28  -2.5329982827732396       -2.5404867219998883        8.2993321125249621E-006   985.75999428332057       0.14743087761918230        2.6420107822651175E-003   1.1063698550861645     
          29  -2.5178891155011214       -2.5253779961887020        9.2085742985927706E-006   985.10397998060546       0.14743049308115694        2.6437736350846510E-003   1.1067396217999841     
          30  -2.5027785684295587       -2.5102681270166691        1.0217271392887876E-005   984.40141342411653       0.14743008082283626        2.6456641933852898E-003   1.1071360389179423     
          31  -2.4876662244738177       -2.4951566658737732        1.1336275345096676E-005   983.64901994986474       0.14742963883917642        2.6476918316260777E-003   1.1075610425395501     
          32  -2.4725517102632462       -2.4800432179113288        1.2577617720783582E-005   982.84330375784270       0.14742916498098285        2.6498666173959693E-003   1.1080167089014326     
          33  -2.4574346808061103       -2.4649274241936743        1.3954637172037960E-005   981.98053332052336       0.14742865694410145        2.6521993662297679E-003   1.1085052650346832     
          34  -2.4423148014994922       -2.4498089450123981        1.5482120555989913E-005   981.05672588531252       0.14742811225773728        2.6547017012472462E-003   1.1090291003023747     
          35  -2.4271917541203694       -2.4346874540954651        1.7176459141154251E-005   980.06763169772319       0.14742752827221811        2.6573861162750259E-003   1.1095907785164005     
          36  -2.4120652079518967       -2.4195626268624211        1.9055821489918841E-005   979.00871690259271       0.14742690214553159        2.6602660456802952E-003   1.1101930512865370     
          37  -2.3969348324360271       -2.4044341326752057        2.1140344768535563E-005   977.87514582495749       0.14742623082898304        2.6633559394922761E-003   1.1108388722762854     
          38  -2.3818002790002049       -2.3893016318094031        2.3452346415050232E-005   976.66176259011445       0.14742551105187390        2.6666713444548789E-003   1.1115314124692708     
          39  -2.3666611746355724       -2.3741647632588569        2.6016558292181897E-005   975.36307116378646       0.14742473930457020        2.6702289941437870E-003   1.1122740770646899     
          40  -2.3515171312224634       -2.3590231463246591        2.8860385667802176E-005   973.97321555390408       0.14742391182089204        2.6740469041094820E-003   1.1130705231162084     
          41  -2.3363677282262216       -2.3438763763936854        3.2014193602061095E-005   972.48595864890478       0.14742302455881012        2.6781444770220654E-003   1.1139246789059334     
          42  -2.3212125134941592       -2.3287240168425636        3.5511623579166079E-005   970.89465985420566       0.14742207317940839        2.6825426183414215E-003   1.1148407651055097     
          43  -2.3060510021424419       -2.3135655988628598        3.9389943505282839E-005   969.19225261063116       0.14742105302461508        2.6872638606129395E-003   1.1158233172634160     
          44  -2.2908826752829143       -2.2984006202664262        4.3690434504049545E-005   967.37122112173336       0.14741995909312727        2.6923324994700360E-003   1.1168772101864664     
          45  -2.2757069680710948       -2.2832285387794133        4.8458818279978298E-005   965.42357573500851       0.14741878601400560        2.6977747443315994E-003   1.1180076847493836     
          46  -2.2605157467299462       -2.2680449389185231        5.3748486654083867E-005   963.34029396484493       0.14741752769523569        2.7036203843546730E-003   1.1192206882364248     
          47  -2.2453180303537064       -2.2528504132558935        5.9612479583711812E-005   961.11241725456171       0.14741617796918330        2.7098998330821510E-003   1.1205222543655080     
          48  -2.2301100135682592       -2.2376474565404956        6.6114060633973520E-005   958.73082426770361       0.14741473044194436        2.7166448606469004E-003   1.1219186497385973     
          49  -2.2148912814520498       -2.2224339882595143        7.3321992217132876E-005   956.18514670892466       0.14741317781547242        2.7238918022376253E-003   1.1234170303507729     
          50  -2.1996613708386885       -2.2072095689383802        8.1312339561442857E-005   953.46467051460979       0.14741151240997946        2.7316791861085325E-003   1.1250249404369135     
          51  -2.1844274941730881       -2.1919776405273921        9.0164567852641278E-005   950.55883161244344       0.14740972644586728        2.7400464720632686E-003   1.1267500429589623     
          52  -2.1691732659711245       -2.1767334095235089        9.9980731853679833E-005   947.45496832577567       0.14740781063313232        2.7490407306822442E-003   1.1286014848882933     
          53  -2.1539131236474249       -2.1614761723238143        1.1085408770915120E-004   944.14038942175023       0.14740575540385226        2.7587109766880865E-003   1.1305887126176759     
          54  -2.1386307692396276       -2.1462047287153676        1.2290933504982359E-004   940.60172132709067       0.14740355047151912        2.7691103228951216E-003   1.1327219000727498     
          55  -2.1233398743848295       -2.1309180289385554        1.3626098938059210E-004   936.82481309460104       0.14740118472839905        2.7802965949650098E-003   1.1350120555199503     
          56  -2.1080248014473217       -2.1156148320771515        1.5106080298132063E-004   932.79486225465189       0.14739864626909766        2.7923323460708914E-003   1.1374710021720598     
          57  -2.0926978881743161       -2.1002937345572095        1.6744980689177479E-004   928.49617536278106       0.14739592218300351        2.8052860142639981E-003   1.1401115888666835     
          58  -2.0773507142542522       -2.0849565121038451        1.8560453040050834E-004   923.91339525725698       0.14739299926514698        2.8192287013837523E-003   1.1429470052246613     
          59  -2.0619755184723325       -2.0695950794923204        2.0572144675883635E-004   919.02739884522327       0.14738986132057760        2.8342472618694530E-003   1.1459934076524605     
          60  -2.0465827245161634       -2.0542109287947263        2.2799279562711386E-004   913.82109159250092       0.14738649276738444        2.8504273743013286E-003   1.1492664348331014     
          61  -2.0311642838060235       -2.0388050840452285        2.5265572802525029E-004   908.27681866979833       0.14738287690290275        2.8678620367230808E-003   1.1527828959313124     
          62  -2.0157129080319787       -2.0233698832043299        2.7997337884919142E-004   902.37300017600967       0.14737899357418274        2.8866631911841274E-003   1.1565630535259663     
          63  -2.0002367434718531       -2.0079058923991684        3.1020768208490657E-004   896.09022464860800       0.14737482301211519        2.9069436421829044E-003   1.1606269103740245     
          64  -1.9847281550534623       -1.9924132267804262        3.4367624921443431E-004   889.40856759644691       0.14737034395396537        2.9288264824075395E-003   1.1649960453893040     
          65  -1.9691845253744131       -1.9768868045821506        3.8071998294844243E-004   882.30524334215067       0.14736553188064849        2.9524542853434340E-003   1.1696953569558550     
          66  -1.9535987116089100       -1.9613217049404414        4.2172664627925373E-004   874.75675766429129       0.14736036021154264        2.9779839762385822E-003   1.1747519205960060     
          67  -1.9379762114360832       -1.9457172184719937        4.6708877644183362E-004   866.74104793517131       0.14735480155477634        3.0055813642672086E-003   1.1801937915827792     
          68  -1.9223093541178475       -1.9300721402980305        5.1727423508668500E-004   858.23574762753367       0.14734882628897483        3.0354288643726903E-003   1.1860514085682028     
          69  -1.9065946597504293       -1.9143809324218661        5.7278634615598185E-004   849.21586282774331       0.14734240060611364        3.0677363429202106E-003   1.1923595497561019     
          70  -1.8908249031762070       -1.8986382080345185        6.3419330911065387E-004   839.65615129929915       0.14733548776807701        3.1027361339101126E-003   1.1991561371140220     
          71  -1.8750025053038522       -1.8828416521991433        7.0208066328077471E-004   829.53316277575107       0.14732804920183459        3.1406788367311215E-003   1.2064811988633319     
          72  -1.8591196705642357       -1.8669884844377846        7.7713251155912843E-004   818.82369510130536       0.14732004296966786        3.1818425100070416E-003   1.2143784023592652     
          73  -1.8431713864726147       -1.8510723254598125        8.6008891687933478E-004   807.50258352052947       0.14731142155646709        3.2265460606831107E-003   1.2228972927435424     
          74  -1.8271524398814281       -1.8350880600325858        9.5176262544129303E-004   795.54616673483849       0.14730213379774490        3.2751416917213613E-003   1.2320914427957377     
          75  -1.8110546419424407       -1.8190289589532367        1.0530632370085642E-003   782.93056603416881       0.14729212285075396        3.3280281474532972E-003   1.2420205141799865     
          76  -1.7948766027027392       -1.8028902950294186        1.1649427297678416E-003   769.63477550316759       0.14728132781335349        3.3856454154485636E-003   1.2527487185842106     
          77  -1.7786091804834663       -1.7866667296891519        1.2884932196593119E-003   755.63933621802369       0.14726968181013941        3.4484883877436870E-003   1.2643467625998566     
          78  -1.7622450227034940       -1.7703500312440223        1.4248979504737217E-003   740.92452501758760       0.14725710936214390        3.5171257325984618E-003   1.2768945498885036     
          79  -1.7457762092868823       -1.7539325567584230        1.5754541979391601E-003   725.47377999740468       0.14724352791869597        3.5921972158492461E-003   1.2904797271919817     
          80  -1.7291941497129515       -1.7374060431044007        1.7415837356728801E-003   709.27324343718840       0.14722884607067355        3.6744299219114095E-003   1.3051995382664983     
          81  -1.7124877687351021       -1.7207606318281179        1.9248635672190803E-003   692.31135274788733       0.14721296144988838        3.7646579396981242E-003   1.3211630004705450     
          82  -1.6956502909562197       -1.7039874369069306        2.1269622042860000E-003   674.58202935951294       0.14719576174385260        3.8638261707329927E-003   1.3384899589782004     
          83  -1.6786689528089298       -1.6870766288072483        2.3497624093657653E-003   656.08366804845286       0.14717712163855981        3.9730188034217979E-003   1.3573141855047395     
          84  -1.6615317810764196       -1.6700158437632373        2.5953021036722950E-003   636.81794092022994       0.14715689893398223        4.0934962434707031E-003   1.3777873572922061     
          85  -1.6442256098737205       -1.6527924971235184        2.8658089119737284E-003   616.79309568948327       0.14713493472980899        4.2267114068731048E-003   1.4000788715392878     
          86  -1.6267362186516239       -1.6353928812138638        3.1637122008289441E-003   596.02383070718167       0.14711104984089990        4.3743520083536144E-003   1.4243794339578191     
          87  -1.6090479978526830       -1.6178020623428027        3.4916626518942625E-003   574.53204449116913       0.14708504148551829        4.5383866169660687E-003   1.4509043144930034     
          88  -1.5911428724924561       -1.6000031674761468        3.8525699651096772E-003   552.34683957679533       0.14705667832526625        4.7211277318331074E-003   1.4798981978663770     
          89  -1.5730044709865556       -1.5819789843460255        4.2495336885442500E-003   529.50738727015425       0.14702569835682081        4.9252848326630369E-003   1.5116370116837068     
          90  -1.5546114367688824       -1.5637105895196746        4.6859918397468949E-003   506.06220025505911       0.14699180151819927        5.1540608819115449E-003   1.5464349204260346     
          91  -1.5359416133329431       -1.5451762084785599        5.1656564592359091E-003   482.06842105835756       0.14695464057181196        5.4112757387149548E-003   1.5846529376954590     
          92  -1.5169706890506189       -1.5263525730400156        5.6925576494435337E-003   457.59434697995601       0.14691381513876697        5.7014855886876508E-003   1.6267039089557287     
          93  -1.4976721040765555       -1.5072142098621648        6.2710626135158588E-003   432.71919278370325       0.14686886025106441        6.0301619974053033E-003   1.6730626831291531     
          94  -1.4780167524420156       -1.4877332422159961        6.9059002113731963E-003   407.53336107333200       0.14681923336818101        6.4039120339651374E-003   1.7242772368601147     
          95  -1.4579727161504912       -1.4678791077587483        7.6021854903793422E-003   382.13841138894429       0.14676429817392164        6.8307610775810677E-003   1.7809822702107110     
          96  -1.4375050510552878       -1.4476183183620612        8.3654423064163375E-003   356.64684246144924       0.14670330465590933        7.3205155612202175E-003   1.8439154951523702     
          97  -1.4165747603121674       -1.4269138291677432        9.2016580330850205E-003   331.18110059538537       0.14663536307248085        7.8852432533319961E-003   1.9139386915507186     
          98  -1.3951412698005412       -1.4057258041026897        1.0117198407045102E-002   305.87395821957779       0.14655941647739190        8.5398576828429242E-003   1.9920582743842723     
          99  -1.3731580790597371       -1.3840105956736701        1.1118991836851591E-002   280.86619945430033       0.14647420017217444        9.3029343194133366E-003   2.0794565373255911     
         100  -1.3505750725909862       -1.3617198048107584        1.2214455313380885E-002   256.30408847862310       0.14637819078175326        1.0197795027271741E-002   2.1775302633042108     
         101  -1.3273376752778512       -1.3388009747018155        1.3411541580836473E-002   232.33820721951429       0.14626954941488304        1.1253883222401444E-002   2.2879307500514927     
         102  -1.3033866854141827       -1.3151970915475453        1.4718762183744885E-002   209.12028976430693       0.14614604569282291        1.2508645754920882E-002   2.4126178324339613     
         103  -1.2786580294888792       -1.2908463755259063        1.6145218952648886E-002   186.79982751154387       0.14600496416066203        1.4010051060943881E-002   2.5539248130586256     
         104  -1.2530829773566425       -1.2656822703145774        1.7700618526396799E-002   165.52030305360796       0.14584298917806993        1.5819980676791457E-002   2.7146368436681274     
         105  -1.2265883407110276       -1.2396336483673054        1.9395298222593570E-002   145.41506719356008       0.14565606448836768        1.8018818301095824E-002   2.8980853008593486     
         106  -1.1990970920542119       -1.2126252249581018        2.1240245402972993E-002   126.60292720803733       0.14543922388021790        2.0711687206545041E-002   3.1082611932817823     
         107  -1.1705295127481923       -1.1845784503798364        2.3247108737250846E-002   109.18377160304034       0.14518639285131216        2.4036927302761024E-002   3.3499486517598314     
         108  -1.1408046688272242       -1.1554128295741843        2.5428225020529806E-002   93.234344094579455       0.14489016252657566        2.8177640912642007E-002   3.6288811458481596     
         109  -1.1098430410271896       -1.1250479996332385        2.7796616015606700E-002   78.804609987029579       0.14454154699488872        3.3377363363611731E-002   3.9519186197154208     
         110  -1.0775692140011235       -1.0934063999191985        3.0366046159768699E-002   65.914886741736311       0.14412974070141346        3.9961307281419826E-002   4.3272461110105311     
         111  -1.0439184203677248       -1.0604179746967406        3.3150855137485273E-002   54.554638353053882       0.14364193254890781        4.8364611006557964E-002   4.7645698008079469     
         112  -1.0088388272608855       -1.0260245312812617        3.6166200763668339E-002   44.682107049722305       0.14306320277832654        5.9170110942318770E-002   5.2753266925065923     
         113 -0.97229993856171149      -0.99018522629068995        3.9427892111696373E-002   36.226013470494109       0.14237660769858904        7.3157715481646207E-002   5.8728723502607867     
         114 -0.93429891550627553      -0.95288392057283322        4.2952413778397799E-002   29.089338487065135       0.14156357328502195        9.1367216981206881E-002   6.5726040979624765     
         115 -0.89486715268362738      -0.91413566192032780        4.6756904888977928E-002   23.154447310787383       0.14060467790426362       0.11517698243157928        7.3920187466818836     
         116 -0.85407554943879815      -0.87399260228770459        5.0859131547744137E-002   18.289573133415555       0.13948091731888079       0.14639931109683649        8.3506632737289959     
         117 -0.81203722084985153      -0.83254793648512360        5.5277452854078202E-002   14.355966312386702       0.13817544200017015       0.18739247111173243        9.4699679135740986     
         118 -0.76890660143502687      -0.78993670794606918        6.0030776195959125E-002   11.214977343215564       0.13667562516423612       0.24118820474962357        10.772969225696626     
         119 -0.72487417777518304      -0.74633258132682256        6.5138507508763696E-002   8.7343310810301773       0.13497515825762108       0.31163299042823628        12.283960359295550     
         120 -0.68015712150022434      -0.70194036819867722        7.0620489506866363E-002   6.7930027472428449       0.13307574948154210       0.40354200677780688        14.028130537785616     
         121 -0.63498682073216539      -0.65698497394346111        7.6496939069143968E-002   5.2843680880970290       0.13098798890397026       0.52286696241410868        16.031268436762840     
         122 -0.58959530989945086      -0.61169830734695352        8.2788364307160148E-002   4.1176102817507143       0.12873108851461221       0.67688211576953650        18.319592685877652     
         123 -0.54420247895418228      -0.56630610199500797        8.9515484112620489E-002   3.2176286615048686       0.12633146583971441       0.87439629855869749        20.919746880504995     
         124 -0.49900593515113578      -0.52101652792229836        9.6699134369310893E-002   2.5238586218555508       0.12382043093455362        1.1260011158479071        23.858958770685504     
         125 -0.45417443056030038      -0.47601195421889742       0.10436016699928499        1.9884519861633148       0.12123143745987448        1.4443660237215714        27.165329195515444     
         126 -0.40984502510731058      -0.43144437304988209       0.11251934306739977        1.5742094490216589       0.11859740176121387        1.8445902036561372        30.868200274218818     
         127 -0.36612344346621456      -0.38743427047070073       0.12119721804709532        1.2525500539261698       0.11594849358048701        2.3446194031026297        34.998550158299260     
         128 -0.32308674542207133      -0.34407221867831217       0.13041402024537860        1.0016879609749456       0.11331062068371506        2.9657342768183685        39.589372461276930     
         129 -0.28078698530030216      -0.30142207557573814       0.14018960117879409       0.80509137391025420       0.11070463205584966        3.7331198256968650        44.676039978858036     
         130 -0.23925695105413392      -0.25952573605263451       0.15054302661371866       0.65023882943364864       0.10814620515068500        4.6765055873306576        50.296534390174848     
         131 -0.19851278114615076      -0.21840722966988649       0.16149284596164579       0.52763895181294007       0.10564612490215457        5.8309103632610348        56.491738967841222     
         132 -0.15855911472259368      -0.17807665909794601       0.17305670084904898       0.43008011906463622       0.10321088963740555        7.2374882551749549        63.305684592759469     
         133 -0.11939213436832515      -0.13853423833782300       0.18525125241821128       0.35206394367174715       0.10084346719086613        8.9444690570547074        70.785694064903240     
         134  -8.1002232004375493E-002  -9.9773131913578297E-002  0.19809204914993117       0.28937911710318498        9.8544044199623246E-002   11.008233220565701        78.982589744714190     
         135  -4.3376108425682319E-002  -6.1781819130075591E-002  0.21159338382675991       0.23878398461081668        9.6310728159179668E-002   13.494520946691633        87.950886916182512     
         136  -6.4982354720181179E-003  -2.4545856499185600E-002  0.22576817633111371       0.19777010658098843        9.4140151381105833E-002   16.479798842017392        97.749013716766498     
         137   2.9648026174967052E-002   1.1950842820487091E-002  0.24062783931714021       0.16438605350240379        9.2027965951625101E-002   20.052804471550914        108.43956277169109     
         138   6.5079697363864666E-002   4.7725095725777850E-002  0.25618215672562417       0.13710574017952887        8.9969231721049495E-002   24.316292359799739        120.08958091501462     
         139   9.9813683498987629E-002   8.2793842086999733E-002  0.27243915801688934       0.11472962899684440        8.7958708111893116E-002   29.389012241185945        132.77091199440804     
         140  0.13386654837177733       0.11717378949171708       0.28940504060284888        9.6310231350805797E-002   8.5991063393064365E-002   35.407960663056805        146.56061583131435     
         141  0.16725423884474835       0.15088116197942111       0.30708400926248752        8.1095682066217811E-002   8.4061023914100946E-002   42.530935094818297        161.54144032033156     
         142  0.19999214671497070       0.18393160014861323       0.32547824119426078        6.8486709843914750E-002   8.2163470033499719E-002   50.939456954704951        177.80239895206188     
         143  0.23209493551968832       0.21634010098145429       0.34458770914608661        5.8003680502988313E-002   8.0293500168230808E-002   60.842108078063859        195.43942809275666     
         144  0.26357676505047006       0.24812105096910708       0.36441020272683494        4.9261182160681913E-002   7.8446463941921327E-002   72.478381096128629        214.55619225827681     
         145  0.29445113450914201       0.27928825272017188       0.38494112721712426        4.1948355546810250E-002   7.6617983009781204E-002   86.123109589209861        235.26500202818329     
         146  0.32473117618117942       0.30985500145288219       0.40617357831378559        3.5813568196327521E-002   7.4803956325063120E-002   102.09162650844088        257.68792803458933     
         147  0.35442950332452300       0.33983414761709646       0.42809813705429151        3.0652434807506821E-002   7.3000565262321196E-002   120.74576602669289        281.95808601069962     
         148  0.38355840942413150       0.36923812657731075       0.45070289275421932        2.6298405171960800E-002   7.1204277050692155E-002   142.50088029556201        308.22112927733093     
         149  0.41212989911776582       0.39807907057915609       0.47397336403778967        2.2615324621894955E-002   6.9411848118312872E-002   167.83416416557077        336.63706918394388     
         150  0.44015575315936922       0.42636885717221967       0.49789244221702128        1.9491548718737418E-002   6.7620337069408287E-002   197.29450366264817        367.38237257238842     
         151  0.46764754342767095       0.45411914828639055       0.52244029194266772        1.6835261387980947E-002   6.5827128659633874E-002   231.51422483440109        400.65241627878015     
         152  0.49461690944275033       0.48134154001550711       0.54759447091361235        1.4570727259816696E-002   6.4029961917984879E-002   271.22339585352097        436.66453191951899     
         153  0.52107537161705153       0.50804760002741844       0.57332964503889083        1.2635302411827065E-002   6.2226984078392764E-002   317.26705906184549        475.66145202375981     
         154  0.54703479153856405       0.53424901426971649       0.59961786440416065        1.0977023089562247E-002   6.0416811337362923E-002   370.62654579203161        517.91556715758315     
         155  0.57250713678701781       0.55995768867174933       0.62642817351286784        9.5526684033670067E-003   5.8598617221452064E-002   432.44573026545265        563.73385717065980     
         156  0.59750489111093119       0.58518584626995995       0.65372679963648650        8.3261941179900677E-003   5.6772236562217214E-002   504.06375023878638        613.46372340463461     
         157  0.62204140812743336       0.60994640781122045       0.68147729288677139        7.2674531258380528E-003   5.4938267392055262E-002   587.05701405543607        667.50043795790089     
         158  0.64613072032081631       0.63425306513331148       0.70964000940693872        6.3511736352387365E-003   5.3098206733464166E-002   683.29160798155442        726.29530031128684     
         159  0.66978812464249693       0.65812048934384515       0.73817239083569530        5.5561219748975323E-003   5.1254568471012986E-002   794.99049819352047        790.36550532375054     
         160  0.69303070655875587       0.68156488417637318       0.76702917038426832        4.8644129642144117E-003   4.9410954888039822E-002   924.82154631062838        860.30671346747465     
         161  0.71587717120512384       0.70460415399909915       0.79616172295929666        4.2609633552324827E-003   4.7572111819674412E-002   1076.0092015729215        936.80680951925240     
         162  0.73834903216811665       0.72725843170792315       0.82551906603740910        3.7330376383874421E-003   4.5743863306536209E-002   1252.4811867737292        1020.6634185239623     
         163  0.76046999268217441       0.74955033968233775       0.85504670248412462        3.2698867265784424E-003   4.3932963211727578E-002   1459.0562768433465        1112.8036756398774     
         164  0.78226684627293741       0.77150515071341008       0.88468748767285443        2.8624536515568541E-003   4.2146786821157974E-002   1701.6855120803459        1214.3075270857250     
         165  0.80376929172795430       0.79315113192277487       0.91438139034817478        2.5031268642803106E-003   4.0392848298106521E-002   1987.7643598556367        1326.4365616537859     
         166  0.82500977123474595       0.81451937224330850       0.94406560023889252        2.1855398227332082E-003   3.8678193329428984E-002   2326.5274761620026        1450.6669006541508     
         167  0.84602274448463455       0.83564333234497179       0.97367437745180707        1.9043960605508680E-003   3.7008707836430371E-002   2729.5481804036131        1588.7280226222156     
         168  0.86684421658229238       0.85655824961409999        1.0031397335586933        1.6553064592920246E-003   3.5388432174139298E-002   3211.3743117782733        1742.6504708952750     
         169  0.88751045262991846       0.87730025034643433        1.0323914880140599        1.4346337596117770E-003   3.3819056382156078E-002   3790.3403671005317        1914.8241135998817     
         170  0.90805556178517610       0.89790448646118826        1.0613559763024660        1.2393479992196868E-003   3.2299809951964069E-002   4489.5906667079716        2108.0627563449698     
         171  0.92851225344650790       0.91840434362475409        1.0899591860148754        1.0668761096720750E-003   3.0827680115673013E-002   5338.4550204136285        2325.6948812673631     
         172  0.94890816406204470       0.93882993021167005        1.1181234369950910        9.1497772840112629E-004   2.9398152097246933E-002   6374.2554035010107        2571.6678546976796     
         173  0.96926786201444948       0.95920730978427937        1.1457711747380603        7.8164412567942418E-004   2.8006106235598273E-002   7644.7724978069155        2850.6851534947455     
         174  0.98961153747217878       0.97955880881419455        1.1728235768741746        6.6502820980213640E-004   2.6646684774141175E-002   9211.6693313026954        3168.3892263788343     
         175   1.0099549749325967       0.99990236248666431        1.1992004832301326        5.6341602428572237E-004   2.5315948626402279E-002   11155.106024657558        3531.5751629504498     
         176   1.0303112847549702        1.0202523868915583        1.2248223699182821        4.7521231640778574E-004   2.4011075347968085E-002   13580.210653188127        3948.4851111750031     
         177   1.0506911209179601        1.0406207356754542        1.2496103148715001        3.9893885543857923E-004   2.2730279308778877E-002   16626.134002477207        4429.1929420408760     
         178   1.0711025662173601        1.0610167474510412        1.2734859690254172        3.3323839491259955E-004   2.1472633561957197E-002   20478.696498253008        4986.0884766934396     
         179   1.0915523207292588        1.0814477978205543        1.2963732577417377        2.7687315708201088E-004   2.0237817461738312E-002   25388.515623978084        5634.5325282122212     
         180   1.1120464435366815        1.1019202592458210        1.3181996252564363        2.2871955686959531E-004   1.9025881591934676E-002   31697.448454782727        6393.7567387320532     
         181   1.1325881782006229        1.1224387502238613        1.3388945634838572        1.8776507990410962E-004   1.7837169717339181E-002   39876.974565932396        7288.0235707730744     
         182   1.1531810212438973        1.1430066440612006        1.3583937746405739        1.5309980262878141E-004   1.6672160305650080E-002   50585.894093956929        8348.2779449690806     
         183   1.1738271690841777        1.1636267720873441        1.3766383043531769        1.2390677295083427E-004   1.5531540460185841E-002   64758.635228151186        9614.4703556721870     
         184   1.1945280201547275        1.1843009224223717        1.3935761344519200        9.9456670021274768E-005   1.4416186660336035E-002   83741.529213479822        11138.789544017247     
         185   1.2152852566167056        1.2050306388850704        1.4091641715936825        7.9100716729232304E-005   1.3326998502673043E-002   109509.90618045689        12990.437275480070     
         186   1.2360988389887639        1.2258167223546914        1.4233679287683487        6.2263895837354557E-005   1.2265037513647412E-002   145020.45676206029        15262.566462924560     
         187   1.2569697606948620        1.2466596622056023        1.4361649998222925        4.8439210923745925E-005   1.1231249346379287E-002   194799.97892298675        18082.879551846683     
         188   1.2778990310447622        1.2675604600943247        1.4475455557002299        3.7180043991927763E-005   1.0226567270200132E-002   265965.41159914539        21630.186530581545     
         189   1.2988874418835423        1.2885200140730264        1.4575139513914701        2.8095699812457025E-005   9.2516789357724259E-003   370041.02009588201        26160.735542618066     
         190   1.3199325995412852        1.3095374847236050        1.4660903924653734        2.0847671137683543E-005   8.3060844112171663E-003   526313.22409740801        32051.858002908972     
         191   1.3410253022881546        1.3306069914516256        1.4733123465894868        1.5140711550781923E-005   7.3886388531282637E-003   768371.93657764164        39877.212399917087     
         192   1.3621543489186119        1.3517183077186201        1.4792368159569991        1.0713791654073332E-005   6.4993662088607650E-003   1157767.3537279652        50544.400717740631     
         193   1.3833077430424636        1.3728598243429768        1.4839406383697575        7.3389800413178452E-006   5.6395880993323098E-003   1814431.5989813979        65559.949145697334     
         194   1.4044871724162953        1.3940265532520564        1.4875229617133887        4.8201466101831693E-006   4.8111812922760075E-003   2990982.6305819005        87583.877643430096     
         195   1.4257037444255074        1.4152250070884851        1.4901035289820255        2.9914812708952267E-006   4.0153825365230088E-003   5275337.4906470003        121695.22753414258     
         196   1.4469257454028401        1.4364443598823455        1.4918249318575745        1.7196280316859421E-006   3.2415641174550064E-003   10213819.435100617        178642.82911988112     
         197   1.4682298864483161        1.4577084360880197        1.4928500833099299        8.7716763294692010E-007   2.4896540323710642E-003   22847984.819753326        285410.11109902558     
         198   1.4899853517735682        1.4792438316384520        1.4933570624379684        3.6057829484290008E-007   1.7308925166006981E-003   66660009.192851573        533882.04283457005     
         199   1.5001115534717229        1.4950779653272783        1.4935337106414501        1.4832490659171387E-007   1.2046412012906343E-003   194248225.46941909        997801.73747049982     
         200   1.5048968305263113        1.5025107827921329        1.4935595260060446        7.6988622851547389E-008   1.1419008496149846E-003   384378644.38028097        1422501.3276612633     
