           1  -1.9274836205817052       -2.2285136162456864        4.9340754158181852E-005   86.339535539227811       0.11846198212002429        3.3651218493764068E-002   4.1704776920960098     
           2  -1.9095343618161442       -1.9184162681227188        5.4948311171684085E-005   84.772296475040733       0.11845620312306226        3.4274185873323204E-002   4.2089549352200022     
           3  -1.8922485232072712       -1.9008054465724495        6.1189783475984610E-005   84.642221250558748       0.11845720403793022        3.4326712226968675E-002   4.2121699858429320     
           4  -1.8753371656265889       -1.8837105339225628        6.8137709223710144E-005   84.509620875990123       0.11845497859158578        3.4380895736922296E-002   4.2155128555020420     
           5  -1.8586995301545783       -1.8669386801766150        7.5871406269843931E-005   84.368115870123745       0.11845599236725490        3.4438413149894875E-002   4.2190285196258754     
           6  -1.8422367446737005       -1.8503901353061756        8.4478969949034217E-005   84.220723088325158       0.11845427635453275        3.4498932922803247E-002   4.2227493055112522     
           7  -1.8259416890596438       -1.8340127960063930        9.4053355316798528E-005   84.063165594307620       0.11845451744510650        3.4563558238408863E-002   4.2267004485071569     
           8  -1.8097641629211620       -1.8177776034750266        1.0471254452820816E-004   83.896763172755797       0.11845369083221227        3.4632233088871187E-002   4.2309047931022867     
           9  -1.7937066940317683       -1.8016612197216999        1.1656704710366766E-004   83.719787962502522       0.11845303169806040        3.4705538705325334E-002   4.2353860697985199     
          10  -1.7777335108973071       -1.7856466706658169        1.2976215766879255E-004   83.531525773976085       0.11845234201660021        3.4783858827728178E-002   4.2401685546437262     
          11  -1.7618460275027332       -1.7697171232001170        1.4443457840648889E-004   83.330914402642023       0.11845181226238934        3.4867675679278412E-002   4.2452788839527322     
          12  -1.7460114169278738       -1.7538565589092356        1.6076257275145767E-004   83.117329222618181       0.11845091997985746        3.4957406214522757E-002   4.2507459048410636     
          13  -1.7302313799984101       -1.7380497316911609        1.7891561706495008E-004   82.889415420625284       0.11845007469720394        3.5053650622094583E-002   4.2566010338722533     
          14  -1.7144800210014850       -1.7222842939649692        1.9911170646267029E-004   82.645990779492294       0.11844939072226444        3.5156998784791137E-002   4.2628774066690660     
          15  -1.6987574598434640       -1.7065475947363435        2.2156128572587536E-004   82.386293433852160       0.11844824332605443        3.5267991182974939E-002   4.2696115020701422     
          16  -1.6830494590400948       -1.6908324454606949        2.4652174520531345E-004   82.108597047347089       0.11844741207667583        3.5387393896138174E-002   4.2768404607441335     
          17  -1.6673414093827468       -1.6751244197886337        2.7427978619505073E-004   81.811958817957105       0.11844623624392336        3.5515879709017359E-002   4.2846083117439200     
          18  -1.6516383509093362       -1.6594189108428510        3.0512516515219482E-004   81.494778504513334       0.11844512784827435        3.5654275484510799E-002   4.2929582180478736     
          19  -1.6359290191153293       -1.6437126589968973        3.3940688374415565E-004   81.155856257819224       0.11844386271863475        3.5803365711648237E-002   4.3019359572857159     
          20  -1.6202090386985253       -1.6279979065736727        3.7750221597641545E-004   80.793598617711396       0.11844252851245751        3.5964101319867540E-002   4.3115938398423390     
          21  -1.6044703117678007       -1.6122683831773292        4.1984040518327939E-004   80.406442389417393       0.11844108133376466        3.6137488885460492E-002   4.3219879196832327     
          22  -1.5887182863893989       -1.5965228865019345        4.6686204582763755E-004   79.992831035169814       0.11843952448444933        3.6324580311265342E-002   4.3331756388632758     
          23  -1.5729457566998626       -1.5807604229425936        5.1908944786017357E-004   79.551165519739314       0.11843784556297124        3.6526512103175243E-002   4.3452186127120784     
          24  -1.5571503573030769       -1.5649762506285911        5.7708815925707705E-004   79.079665284072618       0.11843603516844617        3.6744576597465897E-002   4.3581865160565574     
          25  -1.5413264700887284       -1.5491663480907962        6.4149744584227888E-004   78.576488603923110       0.11843408199027534        3.6980181097620801E-002   4.3721544597731823     
          26  -1.5254783890941965       -1.5333301434620983        7.1298351454863952E-004   78.039829652962453       0.11843197437747524        3.7234815182569658E-002   4.3872008064498536     
          27  -1.5096006791930083       -1.5174669774904224        7.9232209635646494E-004   77.467834998690662       0.11842969963467759        3.7510103910084552E-002   4.4034100643533023     
          28  -1.4936910338654257       -1.5015730077270741        8.8035683137574114E-004   76.858480227032771       0.11842724345383118        3.7807886197714080E-002   4.4208771578414048     
          29  -1.4777471616157898       -1.4856459351750690        9.7801809333177372E-004   76.209742243559489       0.11842459043291834        3.8130154195808737E-002   4.4397034455962521     
          30  -1.4617640515572889       -1.4696820834926461        1.0863497648016330E-003   75.519496679923989       0.11842172349120896        3.8479128247776634E-002   4.4600006489173678     
          31  -1.4457438628303665       -1.4536800925962063        1.2064519003941669E-003   74.785681381617863       0.11841862434798010        3.8857203272189562E-002   4.4818871869036343     
          32  -1.4296812755165424       -1.4376383131047827        1.3395864329956673E-003   74.006218682529308       0.11841527299085322        3.9267018321154562E-002   4.5054916218164749     
          33  -1.4135731084314775       -1.4215525139082597        1.4871264694576621E-003   73.178900653343234       0.11841164691413927        3.9711556382292457E-002   4.5309576490192516     
          34  -1.3974158637816192       -1.4054193523230085        1.6505833078067455E-003   72.301569053023329       0.11840772157713018        4.0194096009044389E-002   4.5584403976853549     
          35  -1.3812041991467892       -1.3892343907343994        1.8316365290212656E-003   71.372033543543125       0.11840346969598700        4.0718307192294377E-002   4.5881108708875313     
          36  -1.3649371116321141       -1.3729944966193701        2.0320782141062910E-003   70.388226595474777       0.11839886154536891        4.1288225051975838E-002   4.6201532262663463     
          37  -1.3486085988515331       -1.3566961202617738        2.2539287840002797E-003   69.348147603924730       0.11839386426398214        4.1908347582304259E-002   4.6547688969881023     
          38  -1.3322136979559664       -1.3403337882174973        2.4993888245647329E-003   68.249781038436254       0.11838844091488671        4.2583767987366294E-002   4.6921822490544338     
          39  -1.3157469429246267       -1.3239022807139009        2.7708721298777710E-003   67.091262796388989       0.11838255064578744        4.3320173491578878E-002   4.7326384131920003     
          40  -1.2992025968355987       -1.3073959930219738        3.0710194097225336E-003   65.870877916207746       0.11837614797576550        4.4123956368680925E-002   4.7764070022590488     
          41  -1.2825742205109243       -1.2908088296022737        3.4027238556643379E-003   64.587093349562267       0.11836918213549520        4.5002323407736633E-002   4.8237851976635788     
          42  -1.2658538894456088       -1.2741335933853917        3.7691700561390019E-003   63.238551611408717       0.11836159605320157        4.5963456339015663E-002   4.8751029393724483     
          43  -1.2490360028847722       -1.2573635429787853        4.1737706892082957E-003   61.824240738944361       0.11835332618247195        4.7016573436254407E-002   4.9307220818871516     
          44  -1.2321113573897093       -1.2404912402511006        4.6203156022830427E-003   60.343465868755970       0.11834430109603443        4.8172154973741207E-002   4.9910434900708527     
          45  -1.2150710026942262       -1.2235076091368813        5.1129141673248403E-003   58.795812095496494       0.11833443973299246        4.9442227347456215E-002   5.0565159086794269     
          46  -1.1979051637907343       -1.2064032770631083        5.6560420567750812E-003   57.181319705615813       0.11832365069131623        5.0840527189126357E-002   5.1276371636951046     
          47  -1.1806032492017848       -1.1891680505392623        6.2545657568274611E-003   55.500502222297825       0.11831183033701723        5.2382835155496583E-002   5.2049625722069592     
          48  -1.1631537287148810       -1.1717908568046405        6.9137716212976773E-003   53.754406162389806       0.11829886083553100        5.4087343331361254E-002   5.2891129128589816     
          49  -1.1455440423265402       -1.1542596373761860        7.6393951088414057E-003   51.944667480839804       0.11828460778079748        5.5975104419684479E-002   5.3807839148884336     
          50  -1.1277605494240832       -1.1365612774129712        8.4376489256956320E-003   50.073571870422178       0.11826891740182331        5.8070573818833328E-002   5.4807571289365189     
          51  -1.1097878161168886       -1.1186812170213460        9.3152837006092813E-003   48.144080059533451       0.11825161291600153        6.0402313192010143E-002   5.5899145767921503     
          52  -1.0916108499201185       -1.1006042425900397        1.0279504384419264E-002   46.159976518364651       0.11823249135519892        6.3003692078467205E-002   5.7092484667318875     
          53  -1.0732115195149152       -1.0823137536947420        1.1338166921953498E-002   44.125855047762919       0.11821131827605501        6.5913949620045723E-002   5.8398817964346952     
          54  -1.0545706995480959       -1.0637911043756498        1.2499703176711398E-002   42.047094505990231       0.11818782123051770        6.9179536143400375E-002   5.9830935752581160     
          55  -1.0356676118669210       -1.0450163169265352        1.3773175159422524E-002   39.929982083230946       0.11816168362822439        7.2855534627852755E-002   6.1403377635514644     
          56  -1.0164796183393747       -1.0259676532590307        1.5168309084016108E-002   37.781696897666613       0.11813253589930722        7.7007633422339891E-002   6.3132743259345387     
          57 -0.99698215924143885       -1.0066214817502794        1.6695518132070250E-002   35.610310023241986       0.11809994513671805        8.1714550754797902E-002   6.5038037601471466     
          58 -0.97714851862588392      -0.98695212683430900        1.8365934884556415E-002   33.424763095480785       0.11806340247191401        8.7071096713541601E-002   6.7141082289265253     
          59 -0.95694969620462456      -0.96693168833761611        2.0191434165867956E-002   31.234820278251441       0.11802230762468298        9.3192065530023419E-002   6.9467008562645756     
          60 -0.93635425145194739      -0.94652989865200921        2.2184654835932360E-002   29.050997642072971       0.11797595010787243       0.10021718671069077        7.2044840911224188     
          61 -0.91532811151952975      -0.92571394771693660        2.4359022479534947E-002   26.884458622872575       0.11792348617667639       0.10831748051304005        7.4908198288787373     
          62 -0.89383448790876363      -0.90444834594217738        2.6728759204621168E-002   24.746880134234807       0.11786391071978619       0.11770343081202644        7.8096128198308152     
          63 -0.87183336780107401      -0.88269462216649353        2.9308940208580894E-002   22.650267033130927       0.11779602233129137       0.12863565454486278        8.1654134150074853     
          64 -0.84928284184089375      -0.86041175564869943        3.2115336356805052E-002   20.606800602650800       0.11771838310956959       0.14143838445562998        8.5635280675332996     
          65 -0.82613704767029694      -0.83755576814867738        3.5164649403645866E-002   18.628562357266087       0.11762926696159132       0.15651752247063572        9.0101659263391163     
          66 -0.80234761860707249      -0.81407946375568707        3.8474350762009446E-002   16.727246358854693       0.11752659713727892       0.17438433352674593        9.5126133887449740     
          67 -0.77786354247426115      -0.78993306205440872        4.2062708174461935E-002   14.913914708313346       0.11740787468858971       0.19568598905448209        10.079423968919430     
          68 -0.75263160056710943      -0.76506435443012533        4.5948758062599890E-002   13.198680895367254       0.11727009163962523       0.22124620940014883        10.720653444498682     
          69 -0.72659698455491528      -0.73941923488900685        5.0152277068421645E-002   11.590405662320720       0.11710963100951985       0.25211869891359556        11.448129395434634     
          70 -0.69970423667673209      -0.71294248444783204        5.4693741995971136E-002   10.096403541601861       0.11692215383413929       0.28965757871393782        12.275760317942577     
          71 -0.67189857954675614      -0.68557891433668361        5.9594277844031207E-002   8.7221795850455521       0.11670247644313968       0.33561003625087621        13.219882828963730     
          72 -0.64312767652054070      -0.65727492170945767        6.4875598732476822E-002   7.4712135675370464       0.11644444456988833       0.39223781602520680        14.299642885245120     
          73 -0.61334392209576150      -0.62798052947287686        7.0559934949316103E-002   6.3448112606728619       0.11614081626542691       0.46247563283217896        15.537400597189409     
          74 -0.58250723502538004      -0.59765194464848148        7.6669956082434987E-002   5.3420401784665561       0.11578317246667710       0.55013607847125723        16.959141213813105     
          75 -0.55058842097904070      -0.56625465668830688        8.3228672851318727E-002   4.4597647870665407       0.11536188296357551       0.66017166138269112        18.594864110355562     
          76 -0.51757287813793507      -0.53376699035459985        9.0259338445992474E-002   3.6927880638024448       0.11486616387795892       0.79900511200000324        20.478913124473440     
          77 -0.48346449610449410      -0.50018392496649444        9.7785334550207367E-002   3.0340982193349331       0.11428426911836219       0.97493831129164821        22.650203519501723     
          78 -0.44828934778957635      -0.46552089825058146       0.10583004867149014        2.4752094625383942       0.11360385846551428        1.1986475507752024        25.152295963602665     
          79 -0.41209868577225617      -0.42981714541945215       0.11441674319304225        2.0065736830937220       0.11281257256982595        1.4837684644880638        28.033275592063163     
          80 -0.37497068640884224      -0.39313804601850588       0.12356841535562488        1.6180310556701978       0.11189881720268356        1.8475678613416404        31.345411786665519     
          81 -0.33701040178735825      -0.35557592775126823       0.13330765042378936        1.2992616101415591       0.11085271399953633        2.3116933754593272        35.144606549535730     
          82 -0.29834728726154069      -0.31724873802096398       0.14365653956721433        1.0401985568889864       0.10966711469786548        2.9029900302231928        39.489698852535568     
          83 -0.25913182019427883      -0.27829707438808404       0.15463624699982245       0.83137567103568821       0.10833855601237100        3.6543586425398122        44.441629756926126     
          84 -0.21952762029679049      -0.23887842811138413       0.16626725140009371       0.66417666542568188       0.10686793618237160        4.6056684958273824        50.062742382605663     
          85 -0.17970491204430866      -0.19915998221632572       0.17856892207926228       0.53098866088182706       0.10526079619723586        5.8047220318043697        56.416248710813555     
          86 -0.13983240543855105      -0.15931123330695438       0.19155942382278382       0.42526312597765004       0.10352712615476763        7.3082802617093217        63.565901588971002     
          87 -0.10007012256137530      -0.11949636320613324       0.20525553922729117       0.34149666484904478       0.10168068201262540        9.1832056088463467        71.576044685284202     
          88  -6.0563511861287063E-002  -7.9867745640710169E-002  0.21967252748134813       0.27515596192171399        9.9737933790817246E-002   11.507762473204153        80.511979944031680     
          89  -2.1439491668790323E-002  -4.0561082965142596E-002  0.23482395848209306       0.22256864283834016        9.7716816535562481E-002   14.373130457312850        90.440615706185511     
          90   1.7195611832193786E-002  -1.6924561991620867E-003  0.25072156338773255       0.18079947342642233        9.5635474837475670E-002   17.885180582306010        101.43131692424073     
          91   5.5256370929577081E-002   3.6642804768766205E-002  0.26737508158260703       0.14752645990899238        9.3511161971625276E-002   22.166562623268838        113.55688392926561     
          92   9.2677303141260201E-002   7.4369758684810078E-002  0.28479215643636951       0.12092629198740147        9.1359395617180192E-002   27.359153429554041        126.89461050639143     
          93  0.12941079703081868       0.11143230839815597       0.30297814684219271        9.9574189960628806E-002   8.9193418140618361E-002   33.626898584406156        141.52734488117659     
          94  0.16542483825671503       0.14779102055172147       0.32193607903980820        8.2359674589003243E-002   8.7023938537511364E-002   41.159113350348477        157.54458323226899     
          95  0.20070023522555352       0.18342059209562356       0.34166644142093622        6.8417864982559667E-002   8.4859117835168862E-002   50.174288885561026        175.04356061637313     
          96  0.23522831444829267       0.21830732386559595       0.36216718100664569        5.7074596316749091E-002   8.2704724569647337E-002   60.924502532342586        194.13040920308435     
          97  0.26900847147025642       0.25244674489567170       0.38343350768047246        4.7803294984735858E-002   8.0564405992321356E-002   73.700521792984489        214.92138619875251     
          98  0.30204636721407152       0.28584150330822405       0.40545789079437111        4.0191447579899169E-002   7.8440014297499222E-002   88.837743619152761        237.54423652410790     
          99  0.33435221193347553       0.31849961202436283       0.42822992414827826        3.3914715083975096E-002   7.6331950011839067E-002   106.72315325176328        262.13975486201326     
         100  0.36593951025822469       0.35043297548822933       0.45173628195620857        2.8717044263059984E-002   7.4239496436602340E-002   127.80350183266087        288.86357149313255     
         101  0.39682402814046197       0.38165625245843776       0.47596064089569112        2.4395402473935568E-002   7.2161127969146449E-002   152.59501841007437        317.88827063936446     
         102  0.42702302652603574       0.41218596326853246       0.50088361264316561        2.0788069028299418E-002   7.0094789314881598E-002   181.69500255423372        349.40588184044128     
         103  0.45655464754150693       0.44203980403447590       0.52648263484057811        1.7765640118399217E-002   6.8038147637038596E-002   215.79575590250880        383.63081395400235     
         104  0.48543773964960130       0.47123626091938814       0.55273208219697889        1.5224088960738071E-002   6.5988812510404282E-002   255.70164994166549        420.80349763365092     
         105  0.51369139636857442       0.49979428782425478       0.57960301963840710        1.3079414429658433E-002   6.3944549312431959E-002   302.34997269678746        461.19462611286747     
         106  0.54133496822425675       0.52773309013818948       0.60706323961096986        1.1263489029022355E-002   6.1903483427144607E-002   356.83670090108211        505.11020131885562     
         107  0.56838818809080915       0.55507219515703921       0.63507732851105669        9.7208144316730180E-003   5.9864291508358147E-002   420.44909680167734        552.89785391992382     
         108  0.59487104615549546       0.58183144824378585       0.66360638553195561        8.4059961456348330E-003   5.7826407702205193E-002   494.70660240011324        604.95414094206933     
         109  0.62080446907266273       0.60803130213120349       0.69260847156469119        7.2817499307218777E-003   5.5790208548714887E-002   581.41368163663628        661.73374417640309     
         110  0.64620975805055147       0.63369285639527972       0.72203764064200726        6.3173466934377739E-003   5.3757221626471501E-002   682.72669007595812        723.75968947247372     
         111  0.67111005217916109       0.65883833811557480       0.75184509295013768        5.4873666712831415E-003   5.1730261785284733E-002   801.24195279138019        791.63652796350163     
         112  0.69552990427629913       0.68349159295561468       0.78197820147008423        4.7707186918982125E-003   4.9713529866382479E-002   940.11047257832649        866.06591964870677     
         113  0.71949632640487471       0.70767841692287836       0.81238116872435706        4.1498676921553138E-003   4.7712615045075596E-002   1103.1870099257994        947.86485046071778     
         114  0.74303879448608390       0.73142706625821508       0.84299451854653096        3.6102170643868459E-003   4.5734354045379455E-002   1295.2255731450243        1037.9877352740061     
         115  0.76619004309326932       0.75476866806172316       0.87375568389189817        3.1396189159342389E-003   4.3786501748142720E-002   1522.1341801669787        1137.5527924353648     
         116  0.78898578506457584       0.77773746301151514       0.90459853474412166        2.7279831484647936E-003   4.1877205352723275E-002   1791.3047229297556        1247.8732256841338     
         117  0.81146448216577782       0.80037055206140706       0.93545331470244864        2.3669631526554010E-003   4.0014295489016929E-002   2112.0340490904546        1370.4929884731737     
         118  0.83366754037672197       0.82270788566078867       0.96624776717987604        2.0496818781590288E-003   3.8204393018180210E-002   2496.0707239715816        1507.2325734606322     
         119  0.85563726571630194       0.84479131149302555       0.99690589156383980        1.7704992065216473E-003   3.6452078011690009E-002   2958.3061612195447        1660.2410215458672     
         120  0.87741655212898984       0.86666341987326634        1.0273496074377748        1.5247918464973674E-003   3.4759219826288441E-002   3517.6646054765706        1832.0607203647739     
         121  0.89904603654449600       0.88836593404339359        1.0574973064393403        1.3087448900501425E-003   3.3124757489945408E-002   4198.2533894296903        2025.7054699823707     
         122  0.92056350483754257       0.90993801959001308        1.0872655362921595        1.1191555744616960E-003   3.1545008990147339E-002   5030.8829149200756        2244.7583471122525     
         123  0.94200156961883297       0.93141480461425608        1.1165678532677612        9.5326115695500862E-004   3.0014534088298121E-002   6055.1136637038617        2493.4944300832449     
         124  0.96338849361964218       0.95282666877055455        1.1453171282556012        8.0860340301318009E-004   2.8527245390869808E-002   7322.0807872200148        2777.0420296347911     
         125  0.98474751095246238       0.97419929616335199        1.1734249991389278        6.8294018683377159E-004   2.7077467261487794E-002   8898.4284196971021        3101.5929426852908     
         126   1.0060967946148938       0.99555332703454669        1.2008016841491469        5.7420586941422469E-004   2.5660670796016090E-002   10871.722787301393        3474.6601843566827     
         127   1.0274511704963389        1.0169052193828600        1.2273578330328989        4.8049397816389360E-004   2.4273672217178830E-002   13358.088279376785        3905.4262219544007     
         128   1.0488225947808159        1.0382683290758477        1.2530048006202184        4.0005340079211969E-004   2.2914494692032654E-002   16513.034605647856        4405.2040353711618     
         129   1.0702206601457049        1.0596534017872803        1.2776553662917731        3.3128886896586238E-004   2.1582108891143838E-002   20546.895687325334        4988.0384463654173     
         130   1.0916532943909460        1.0810691776596371        1.3012248959218402        2.7275710768260620E-004   2.0276148946627368E-002   25747.269985229595        5671.5188433672929     
         131   1.1131256907726463        1.1025221838983190        1.3236309967368229        2.2316143790093379E-004   1.8996714927286155E-002   32511.843532165345        6477.8565389216237     
         132   1.1346433995933038        1.1240177970606595        1.3447977015248254        1.8134051836781793E-004   1.7744088057358245E-002   41397.899428121062        7435.4265112324765     
         133   1.1562095592255717        1.1455603319799106        1.3646538415356582        1.4625788123159340E-004   1.6518715595493325E-002   53197.666720227142        8580.8908397085979     
         134   1.1778269898078455        1.1671527642147077        1.3831358565866074        1.1699054453179077E-004   1.5321424902108680E-002   69055.720229952742        9962.1985798580517     
         135   1.1994967408836668        1.1887970067726426        1.4001879775495847        9.2721195004395263E-005   1.4153255599486126E-002   90655.217633002394        11642.934895446007     
         136   1.2212205856283691        1.2104944801550797        1.4157658507616515        7.2729794800246506E-005   1.3015125018036941E-002   120521.20513310521        13708.811375276062     
         137   1.2429998252643877        1.2322467158106756        1.4298369301991669        5.6382508386818134E-005   1.1908004870223383E-002   162530.96167187556        16277.528171372544     
         138   1.2648352639793055        1.2540547603226058        1.4423820805025791        4.3124213954576674E-005   1.0832996800960105E-002   222794.51797224063        19513.952816430367     
         139   1.2867288838816295        1.2759200217586810        1.4533984749549032        3.2471528041075730E-005   9.7909163475601423E-003   311232.97488377284        23654.682379498576     
         140   1.3086810236178084        1.2978436399311597        1.4629005432273683        2.4005686137613158E-005   8.7819606065831658E-003   444518.80079964612        29048.743374848669     
         141   1.3306858898022085        1.3198228098358740        1.4709219339279018        1.7366053585871854E-005   7.8051730601105566E-003   651789.85247063753        36227.496002511281     
         142   1.3527590893686967        1.3418627094495610        1.4775190224208126        1.2226445564362232E-005   6.8655243547622305E-003   987104.03084326233        46035.534367964123     
         143   1.3748300467616505        1.3639347594470064        1.4827694707504442        8.3504918316182312E-006   5.9439621931143610E-003   1553280.6256850529        59866.808574764458     
         144   1.3969241365465932        1.3860175770251630        1.4867770619814069        5.4628390337153033E-006   5.0628747388737298E-003   2572663.6175078689        80199.629280547495     
         145   1.4190730680856616        1.4081397859001681        1.4896715108863248        3.3751100235428784E-006   4.2171825499238468E-003   4562478.8564308295        111795.67082557119     
         146   1.4412705873504958        1.4303136313379907        1.4916061313532514        1.9275585131804088E-006   3.3964020553486759E-003   8901903.5003612339        164841.60002179854     
         147   1.4636559754376064        1.4526074952160934        1.4927602557444308        9.7331878601291093E-007   2.5932169724478256E-003   20175553.893507350        265480.83410527598     
         148   1.4872049116446548        1.4755900370013482        1.4933318157930759        3.8494319866486905E-007   1.7595665283236688E-003   61929917.760742053        512482.43249280914     
         149   1.4985672075192045        1.4929232169978890        1.4935307680093484        1.4483698314004163E-007   1.1502787447157234E-003   203572440.16166377        1033329.6035713131     
         150   1.5048968305263113        1.5017435503035168        1.4935595260060446        6.5449892384016309E-008   1.0038220608106880E-003   482239405.53381431        1645497.8444083151     
