           1  -2.2310323560368346       -2.5320623517008158        4.9340754158181852E-005   702.83786042577003       0.14295100488708889        3.7631475387158047E-003   1.3306350953466315     
           2  -2.2128918666213258       -2.2218674021370166        5.4948311171684085E-005   681.69588574873558       0.14293782238861352        3.8800359217990316E-003   1.3511738666100053     
           3  -2.1954544493489165       -2.2040856473467119        6.1189783475984610E-005   679.97741527159019       0.14293133015265372        3.8899300699434271E-003   1.3529108888347405     
           4  -2.1783907738274211       -2.1868388117969153        6.8137709223710144E-005   678.13761895611071       0.14293745237352204        3.9003999689813202E-003   1.3547158651552089     
           5  -2.1615812537782881       -2.1699046915836750        7.5871406269843931E-005   676.27747602084617       0.14292937453020665        3.9112387795559337E-003   1.3566160344118472     
           6  -2.1449360291777646       -2.1531789010723097        8.4478969949034217E-005   674.25953651454040       0.14293253937083478        3.9229009937200880E-003   1.3586295319017077     
           7  -2.1284554299142648       -2.1366175585503546        9.4053355316798528E-005   672.16019367694628       0.14292841289186087        3.9352101076894916E-003   1.3607692093048649     
           8  -2.1120916170449400       -2.1201964563787725        1.0471254452820816E-004   669.91750078122573       0.14292799261881908        3.9483898747835720E-003   1.3630470439484430     
           9  -2.0958466314954642       -2.1038931723001291        1.1656704710366766E-004   667.54681684944626       0.14292574988367240        3.9624430273383603E-003   1.3654759319708862     
          10  -2.0796832553585878       -2.0876897526111580        1.2976215766879255E-004   665.02610894441739       0.14292405932663665        3.9774857526887943E-003   1.3680694180505231     
          11  -2.0636017784582932       -2.0715680860969337        1.4443457840648889E-004   662.34781934733519       0.14292201086969319        3.9935978531026881E-003   1.3708424347182739     
          12  -2.0475675681010790       -2.0555106793332159        1.6076257275145767E-004   659.49801169811678       0.14291989217451612        4.0108846254080944E-003   1.3738112511978176     
          13  -2.0315812047762858       -2.0395008334130624        1.7891561706495008E-004   656.46370512427870       0.14291760218553751        4.0294560184279448E-003   1.3769936377334706     
          14  -2.0156153383658486       -2.0235249070259305        1.9911170646267029E-004   653.23107701847960       0.14291515086391138        4.0494312135472216E-003   1.3804084181343677     
          15  -1.9996685830789662       -2.0075687716968447        2.2156128572587536E-004   649.78532617552787       0.14291251790298637        4.0709424688921171E-003   1.3840764167299915     
          16  -1.9837254239852729       -1.9916238475110666        2.4652174520531345E-004   646.11201006133695       0.14290968933510464        4.0941273600707522E-003   1.3880189952221764     
          17  -1.9677695034714375       -1.9756741905541302        2.7427978619505073E-004   642.19402227565843       0.14290664697101624        4.1191492351285814E-003   1.3922614875813948     
          18  -1.9518046030023488       -1.9597136975681573        3.0512516515219482E-004   638.01564739052458       0.14290337307159581        4.1461731040330898E-003   1.3968290196473505     
          19  -1.9358177321906007       -1.9437376099011638        3.3940688374415565E-004   633.56091563588348       0.14289984865315392        4.1753774155193152E-003   1.4017484376912019     
          20  -1.9198028658869561       -1.9277364835106263        3.7750221597641545E-004   628.81182352107294       0.14289605196688343        4.2069677800214752E-003   1.4070505150753285     
          21  -1.9037500569940353       -1.9117022957488903        4.1984040518327939E-004   623.74994009633895       0.14289195954335487        4.2411690854028275E-003   1.4127684888374155     
          22  -1.8876630732239497       -1.8956320833161566        4.6686204582763755E-004   618.35774614120157       0.14288754708148108        4.2782189201140339E-003   1.4189368280714865     
          23  -1.8715326568111155       -1.8795229805237399        5.1908944786017357E-004   612.61746503387349       0.14288278829050069        4.3183781299007511E-003   1.4255928507794804     
          24  -1.8553543529787020       -1.8633681751378957        5.7708815925707705E-004   606.50950277826576       0.14287765330207028        4.3619455095379603E-003   1.4327789583761725     
          25  -1.8391202217691867       -1.8471614368610385        6.4149744584227888E-004   600.01403736878297       0.14287210961462929        4.4092513892534727E-003   1.4405413197628303     
          26  -1.8228323337973720       -1.8308999241341639        7.1298351454863952E-004   593.11236073506097       0.14286612288349546        4.4606525406049695E-003   1.4489287738842445     
          27  -1.8064826069032371       -1.8145805358633078        7.9232209635646494E-004   585.78585205813738       0.14285965565258593        4.5165447974963033E-003   1.4579945996317656     
          28  -1.7900659721439574       -1.7981967241088985        8.8035683137574114E-004   578.01451082487699       0.14285266553767889        4.5773812301387641E-003   1.4677990731967985     
          29  -1.7735771641015277       -1.7817433192403895        9.7801809333177372E-004   569.77926479230780       0.14284510664469319        4.6436627980127581E-003   1.4784074758619792     
          30  -1.7570078632069854       -1.7652134989838195        1.0863497648016330E-003   561.06077268326737       0.14283692780801649        4.7159570829627294E-003   1.4898925583770202     
          31  -1.7403569278790156       -1.7486026004157693        1.2064519003941669E-003   551.84162446528308       0.14282807385626134        4.7948911744945403E-003   1.5023327564338727     
          32  -1.7236151848817722       -1.7319053885912969        1.3395864329956673E-003   542.10544833901577       0.14281848393681434        4.8811709575272725E-003   1.5158145054410648     
          33  -1.7067753622458299       -1.7151136578989692        1.4871264694576621E-003   531.83564835376876       0.14280808918916649        4.9756079337543845E-003   1.5304354886138216     
          34  -1.6898295138672850       -1.6982197914958055        1.6505833078067455E-003   521.01780220645855       0.14279681382757087        5.0791165512829957E-003   1.5463030556507251     
          35  -1.6727673717850708       -1.6812146580947345        1.8316365290212656E-003   509.63880487436995       0.14278457284589083        5.1927434677266635E-003   1.5635373724120216     
          36  -1.6555828190588944       -1.6640901042461982        2.0320782141062910E-003   497.68894855292183       0.14277127257480551        5.3176725088216366E-003   1.5822705330319153     
          37  -1.6382640182456734       -1.6468370944523654        2.2539287840002797E-003   485.16135957026916       0.14275680824844916        5.4552590803808813E-003   1.6026498126421824     
          38  -1.6207997078888972       -1.6294440823100755        2.4993888245647329E-003   472.05122409605349       0.14274106080877047        5.6070756017764485E-003   1.6248419756558181     
          39  -1.6031775234831320       -1.6118992408221235        2.7708721298777710E-003   458.35796644741322       0.14272389670676194        5.7749319206134592E-003   1.6490332585742742     
          40  -1.5853841831117950       -1.5941897340127542        3.0710194097225336E-003   444.08538037325212       0.14270516503834679        5.9609252775257304E-003   1.6754330180458226     
          41  -1.5674049552761609       -1.5763015362503094        3.4027238556643379E-003   429.24216744096231       0.14268469461155406        6.1674967004226536E-003   1.7042773390459762     
          42  -1.5492227210093164       -1.5582186925918697        3.7691700561390019E-003   413.84201100975827       0.14266228969673933        6.3975078751659763E-003   1.7358343213790892     
          43  -1.5308220338720073       -1.5399249320496702        4.1737706892082957E-003   397.90565246127517       0.14263772795208157        6.6543047293764991E-003   1.7704060846492535     
          44  -1.5121825785105989       -1.5214023156755876        4.6203156022830427E-003   381.46056241541572       0.14261075419569591        6.9418338839796279E-003   1.8083362710699522     
          45  -1.4932832455417595       -1.5026301140915732        5.1129141673248403E-003   364.54059850051533       0.14258107267279096        7.2647915728715155E-003   1.8500193210034059     
          46  -1.4741008383093523       -1.4835861417658316        5.6560420567750812E-003   347.18789186786739       0.14254834161719351        7.6287668921426795E-003   1.8959059260469182     
          47  -1.4546099468436857       -1.4642460592243429        6.2545657568274611E-003   329.45288415433987       0.14251216340618778        8.0404567401050498E-003   1.9465139953731796     
          48  -1.4347826633801648       -1.4445831655689652        6.9137716212976773E-003   311.39470921672449       0.14247207326232700        8.5079298134918789E-003   2.0024407158041777     
          49  -1.4145883173846292       -1.4245681233387029        7.6393951088414057E-003   293.08139544441281       0.14242752519057170        9.0409649439559727E-003   2.0643772513146388     
          50  -1.3939932436166229       -1.4041687097217652        8.4376489256956320E-003   274.58993720881193       0.14237787463220819        9.6514847634697511E-003   2.1331264082026693     
          51  -1.3729597630671149       -1.3833491807268843        9.3152837006092813E-003   256.00582493175352       0.14232235585701067        1.0354129466223315E-002   2.2096254763206837     
          52  -1.3514486143324762       -1.3620710180502023        1.0279504384419264E-002   237.42356566947751       0.14226005773514716        1.1166952959324525E-002   2.2949686231020943     
          53  -1.3294145745610448       -1.3402918716127381        1.1338166921953498E-002   218.94525729256927       0.14218988834612617        1.2112397120561268E-002   2.3904409852594020     
          54  -1.3068087776662500       -1.3179646087448726        1.2499703176711398E-002   200.67898899384059       0.14211053040805821        1.3218584919179710E-002   2.4975608129228783     
          55  -1.2835777895191252       -1.2950379700601669        1.3773175159422524E-002   182.73822177261249       0.14202039092360694        1.4520957477398403E-002   2.6181233555671866     
          56  -1.2596632496790738       -1.2714559328385215        1.5168309084016108E-002   165.23959870386864       0.14191753347044483        1.6064523239625445E-002   2.7542607995342729     
          57  -1.2350017719690261       -1.2471574836213870        1.6695518132070250E-002   148.30063987558003       0.14179959470708750        1.7906861737005602E-002   2.9085139211296802     
          58  -1.2095247578277637       -1.2220764719425286        1.8365934884556415E-002   132.03700665499221       0.14166368024016254        2.0122181866949720E-002   3.0839196839409819     
          59  -1.1831585311567048       -1.1961415869266885        2.0191434165867956E-002   116.55937340271790       0.14150623560649406        2.2806834284122085E-002   3.2841180748841903     
          60  -1.1558247154350609       -1.1692766153263225        2.2184654835932360E-002   101.97003797882500       0.14132288870199594        2.6086821464419919E-002   3.5134810094673030     
          61  -1.1274409476077967       -1.1414009914432743        2.4359022479534947E-002   88.359334544758326       0.14110826000438603        3.0128072325585578E-002   3.7772672873124238     
          62  -1.0979222585370607       -1.1124308557790301        2.6728759204621168E-002   75.802075649546538       0.14085574043027349        3.5150509683740151E-002   4.0818057173271818     
          63  -1.0671825393154666       -1.0822804828670531        2.9308940208580894E-002   64.354123227684283       0.14055723808885823        4.1447373508922136E-002   4.4347113536916600     
          64  -1.0351394306917803       -1.0508655264946754        3.2115336356805052E-002   54.049853190191648       0.14020292067649076        4.9411376306066249E-002   4.8451180644484406     
          65  -1.0017154599394693       -1.0181059796205874        3.5164649403645866E-002   44.899825114844134       0.13978095794665032        5.9570513581921447E-002   5.3239482219974841     
          66 -0.96684513652169901      -0.98393041669130832        3.8474350762009446E-002   36.889775421920554       0.13927732591470129        7.2636310882658137E-002   5.8841933984370725     
          67 -0.93048081733751820      -0.94828248119235492        4.2062708174461935E-002   29.981188834864675       0.13867575948721234        8.9567586882231098E-002   6.5411702461986110     
          68 -0.89260004051050190      -0.91112754703607723        4.5948758062599890E-002   24.113075307875036       0.13795793734583428       0.11165393958303184        7.3127462963235015     
          69 -0.85321308309775379      -0.87246020538145919        5.0152277068421645E-002   19.205295915799976       0.13710403345929420       0.14062219773472695        8.2194836651900580     
          70 -0.81236987118905046      -0.83231151664450331        5.4693741995971136E-002   15.163163371101987       0.13609374840484645       0.17876854188215560        9.2846632982948893     
          71 -0.77016491598597103      -0.79075490786927394        5.9594277844031207E-002   11.882927743450683       0.13490788092837666       0.22911730030929400        10.534156485972773     
          72 -0.72673880267744162      -0.74790930057313221        6.4875598732476822E-002   9.2575816743066603       0.13353037863148784       0.29560543007651741        11.996134811285865     
          73 -0.68227515668927319      -0.70393819713966088        7.0559934949316103E-002   7.1823539885632730       0.13195063428139958       0.38328996849493202        13.700644892833450     
          74 -0.63699261864135004      -0.65904397109796498        7.6669956082434987E-002   5.5593099480190151       0.13016561757780207       0.49857554247155350        15.679115828684878     
          75 -0.59113265863962461      -0.61345758849330889        8.3228672851318727E-002   4.3006539496042846       0.12818134167431269       0.64946102685448281        17.963894598132988     
          76 -0.54494479499086079      -0.56742499747619046        9.0259338445992474E-002   3.3305779445048498       0.12601322749451896       0.84580905587262267        20.587911165250873     
          77 -0.49867168177171889      -0.52119224248574936        9.7785334550207367E-002   2.5857561167997480       0.12368516987307267        1.0996478371015299        23.584548074602097     
          78 -0.45253628250458955      -0.47499164561204366       0.10583004867149014        2.0147741015153922       0.12122744474706798        1.4255195074327338        26.987738827277312     
          79 -0.40673271449706710      -0.42903093475785992       0.11441674319304225        1.5768636133831917       0.11867388754460943        1.8408918861062389        30.832270213499953     
          80 -0.36142136360862143      -0.38348637187052409       0.12356841535562488        1.2402999518059918       0.11605891059175930        2.3666499605863294        35.154226436669951     
          81 -0.31672793906764418      -0.33849997751128569       0.13330765042378936       0.98074220837655490       0.11341487708305426        3.0276810334955200        39.991501254095439     
          82 -0.27274526126289833      -0.29418005101071393       0.14365653956721433       0.77969646978226870       0.11077015694054533        3.8535681744992054        45.384335868895000     
          83 -0.22953844224709749      -0.25060475656275744       0.15463624699982245       0.62319736124718328       0.10814803994669261        4.8793847873037652        51.375732238624586     
          84 -0.18714800628211303      -0.20782622593255234       0.16626725140009371       0.50072636922707847       0.10556632257905244        6.1466267357245776        58.011918222778156     
          85 -0.14559603196251286      -0.16587526274606237       0.17856892207926228       0.40436193590924785       0.10303750983666726        7.7042799573641947        65.342740249391639     
          86 -0.10489042317568606      -0.12476649447040911       0.19155942382278382       0.32812763663022598       0.10056940796787169        9.6100189211161773        73.421930957253906     
          87  -6.5028864699927261E-002  -8.4502469579058798E-002  0.20525553922729117       0.26749878378734654        9.8165886632335733E-002   11.931578186181310        82.307412959393560     
          88  -2.6001920917282571E-002  -4.5077156140125307E-002  0.21967252748134813       0.21903441699262199        9.5827694016568932E-002   14.748305331273960        92.061586480187870     
          89   1.2204488416654970E-002  -6.4787076803380639E-003  0.23482395848209306       0.18010429233554642        9.3553227323635330E-002   18.152922340642572        102.75163363303132     
          90   4.9607277318708780E-002   3.1308414024241990E-002  0.25072156338773255       0.14868686351550936        9.1339206331966225E-002   22.253523415463125        114.44985244315056     
          91   8.6224876062108255E-002   6.8301889660883019E-002  0.26737508158260703       0.12321971639000606        8.9181228285311623E-002   27.175845846833091        127.23404278080626     
          92  0.12207640878091996       0.10452048582636379       0.28479215643636951       0.10248855846429643        8.7074201469258691E-002   33.065863237122613        141.18797569787500     
          93  0.15718097485476798       0.13998328854612865       0.30297814684219271        8.5544566170962649E-002   8.5012676698008743E-002   40.092738978725926        156.40192522212124     
          94  0.19155743498366146       0.17470924856535161       0.32193607903980820        7.1642478619832417E-002   8.2991083811906327E-002   48.452219847631376        172.97332530557327     
          95  0.22522402465671343       0.20871687821094020       0.34166644142093622        6.0194028340088836E-002   8.1003901229907443E-002   58.370528277108242        191.00752715832121     
          96  0.25819844177969409       0.24202411167884691       0.36216718100664569        5.0732673155320811E-002   7.9045766097331688E-002   70.108866756671887        210.61872258253220     
          97  0.29049764330772121       0.27464824152222056       0.38343350768047246        4.2886755684658585E-002   7.7111548431747057E-002   83.968635169326419        231.93102382859749     
          98  0.32213800731756420       0.30660590498853391       0.40545789079437111        3.6358949538436748E-002   7.5196395697470594E-002   100.29751209630847        255.07974730849648     
          99  0.35313529023470597       0.33791313964574299       0.42822992414827826        3.0910429831647962E-002   7.3295760495179205E-002   119.49659434572423        280.21295127217331     
         100  0.38350473654739559       0.36858541954152174       0.45173628195620857        2.6348627427283559E-002   7.1405420445593643E-002   142.02879849678772        307.49323492622034     
         101  0.41326113595180952       0.39863773748444320       0.47596064089569112        2.2517696687834300E-002   6.9521494995121391E-002   168.42885015054063        337.09989733934663     
         102  0.44241890491938896       0.42808467466775496       0.50088361264316561        1.9291067128933557E-002   6.7640467301537707E-002   199.31521299361222        369.23148608287363     
         103  0.47099212032931614       0.45694045730616301       0.52648263484057811        1.6565595838003312E-002   6.5759217184808691E-002   235.40442451879775        404.10879829441899     
         104  0.49899481882273805       0.48521912732546979       0.55273208219697889        1.4256946045699971E-002   6.3875060226605024E-002   277.52865608144128        441.97859774325957     
         105  0.52644089306085340       0.51293463329593125       0.57960301963840710        1.2295938655402626E-002   6.1985813486613403E-002   326.65714322280041        483.11793196498189     
         106  0.55334434694674095       0.54010091188841003       0.60706323961096986        1.0625652004993115E-002   6.0089881863320135E-002   383.92265160852071        527.83925436592824     
         107  0.57971958654330391       0.56673216108668611       0.63507732851105669        9.1990991174551538E-003   5.8186357065940233E-002   450.65492109535336        576.49682664617683     
         108  0.60558140977955643       0.59284297559599075       0.66360638553195561        7.9773806233489949E-003   5.6275151073881230E-002   528.42256065586946        629.49409751140468     
         109  0.63094573833629120       0.61844871852080652       0.69260847156469119        6.9281930395942637E-003   5.4357127039952234E-002   619.08712580282986        687.29299373830918     
         110  0.65582910666154237       0.64356561303803450       0.72203764064200726        6.0246442826767848E-003   5.2434266844978206E-002   724.87144257777970        750.42423169447466     
         111  0.68025011099543242       0.66821123974970642       0.75184509295013768        5.2442843340301786E-003   5.0509783501492538E-002   848.44953562907745        819.50061803986205     
         112  0.70422900020868195       0.69240502918357794       0.78197820147008423        4.5683299788490863E-003   4.8588208647278010E-002   993.06366040152682        895.23278208502757     
         113  0.72778870162242226       0.71616859030496227       0.81238116872435706        3.9810455917336047E-003   4.6675399052151324E-002   1162.6763242077386        978.44756909078410     
         114  0.75095482854198137       0.73952621265320240       0.84299451854653096        3.4692407002231427E-003   4.4778415240942129E-002   1362.1696746343373        1070.1103831357314     
         115  0.77375647288482274       0.76250527709083227       0.87375568389189817        3.0218670979028565E-003   4.2905226176224817E-002   1597.6054818199282        1171.3518724829994     
         116  0.79622595330929846       0.78513651233258974       0.90459853474412166        2.6296941274994413E-003   4.1064227230697019E-002   1876.5620801401010        1283.4995139695336     
         117  0.81839862693672172       0.80745377651402939       0.93545331470244864        2.2850457183079282E-003   3.9263577176692273E-002   2208.5649427956819        1408.1138659350188     
         118  0.84031313139942021       0.82949409027372656       0.96624776717987604        1.9815680435379783E-003   3.7510342740192548E-002   2605.6464878804081        1547.0350130403137     
         119  0.86200941771785489       0.85129674712297676       0.99690589156383980        1.7140309228777600E-003   3.5809678066733942E-002   3083.0540524192829        1702.4353137526675     
         120  0.88352847428015924       0.87290221456772132        1.0273496074377748        1.4781366842331097E-003   3.4164129237481224E-002   3660.1613150466601        1876.8850641512954     
         121  0.90490951161668931       0.89435055765184346        1.0574973064393403        1.2703357573847849E-003   3.2573347814517470E-002   4361.6446385942827        2073.4315104132188     
         122  0.92618931816452099       0.91567973685346604        1.0872655362921595        1.0876491030131306E-003   3.1034309505005176E-002   5219.0342924677898        2295.6977443753353     
         123  0.94739985903348090       0.93692406363192715        1.1165678532677612        9.2750862096123671E-004   2.9542092983885018E-002   6272.7996217448363        2548.0065857949085     
         124  0.96856896130579972       0.95811337984137068        1.1453171282556012        7.8762830730451318E-004   2.8090950856984303E-002   7575.2237254814918        2835.5432502135450     
         125  0.98971952727662160       0.97927298822469844        1.1734249991389278        6.6591817294740156E-004   2.6675385922631769E-002   9194.4081234463829        3164.5675098271727     
         126   1.0108694275753678        1.0004232132564912        1.2008016841491469        5.6044493827918428E-004   2.5290943446288971E-002   11219.784970007353        3542.6737816711548     
         127   1.0320331706334385        1.0215802034903942        1.2273578330328989        4.6941547093553980E-004   2.3934473372168273E-002   13769.896089305517        3979.1427219116777     
         128   1.0532223799722535        1.0427569900653704        1.2530048006202184        3.9117464586614040E-004   2.2604032859800234E-002   17003.422134926019        4485.4068299642677     
         129   1.0744463109811111        1.0639639840192061        1.2776553662917731        3.2420804073790766E-004   2.1298640387351627E-002   21134.903923228652        5075.6576648394548     
         130   1.0957125573177251        1.0852095900906735        1.3012248959218402        2.6714038714267704E-004   2.0017990436047718E-002   26457.585622226077        5767.6664907472959     
         131   1.1170259978962900        1.1065000118176747        1.3236309967368229        2.1873214905164843E-004   1.8762250534429380E-002   33376.816775113075        6583.8719950297946     
         132   1.1383918729967835        1.1278403136382638        1.3447977015248254        1.7786997483461357E-004   1.7531777771636291E-002   42460.429011520479        7552.9368524319116     
         133   1.1598130400938278        1.1492345155258767        1.3646538415356582        1.4355767400847319E-004   1.6327097938408992E-002   54515.385561529423        8711.8913112283390     
         134   1.1812920376296911        1.1706853117677980        1.3831358565866074        1.1490612633930638E-004   1.5149102355195117E-002   70707.155442345684        10109.160971061787     
         135   1.2028296422038185        1.1921943382984184        1.4001879775495847        9.1126260439295003E-005   1.3998894281078015E-002   92749.074497316047        11808.956231053813     
         136   1.2244273551068192        1.2137627431491291        1.4157658507616515        7.1521480920342553E-005   1.2877463130785267E-002   123210.67705492512        13897.822072019473     
         137   1.2460862050917743        1.2353917856071479        1.4298369301991669        5.5477451670516307E-005   1.1785847409292583E-002   166036.31619734556        16494.588869649506     
         138   1.2678067114837102        1.2570822334517753        1.4423820805025791        4.2455186042948956E-005   1.0725210976826100E-002   227439.72923464319        19765.684454243088     
         139   1.2895905442284310        1.2788351957988091        1.4533984749549032        3.1984567555648946E-005   9.6964368914973266E-003   317507.09110089304        23949.906638845227     
         140   1.3114376984522733        1.3006514843075379        1.4629005432273683        2.3657702934957635E-005   8.6997962774250856E-003   453182.24280157703        29399.458105816793     
         141   1.3333420390296038        1.3225279516860649        1.4709219339279018        1.7122779300199106E-005   7.7344378061786692E-003   664066.18376151787        36650.394083543855     
         142   1.3553183659610311        1.3444691944255158        1.4775190224208126        1.2061211849079119E-005   6.8052989285940753E-003   1005044.8694958619        46554.436882142465     
         143   1.3772958042349857        1.3664460910847023        1.4827694707504442        8.2418017447207581E-006   5.8937233906837016E-003   1580458.0101213229        60516.555071128598     
         144   1.3992977150745065        1.3884360753557203        1.4867770619814069        5.3948406719024673E-006   5.0218839672056302E-003   2615700.6483273492        81032.176776955297     
         145   1.4213521374427902        1.4104649076857729        1.4896715108863248        3.3355669511955744E-006   4.1850182311366918E-003   4634273.4978751754        112887.70548546863     
         146   1.4434436712585770        1.4325383572228250        1.4916061313532514        1.9072690582970842E-006   3.3731670597547240E-003   9027533.5565003604        166285.83175390124     
         147   1.4656781341081424        1.4547031786552453        1.4927602557444308        9.6584189789521702E-007   2.5804009687945694E-003   20382167.244462997        267167.44389006222     
         148   1.4887792935401283        1.4773822964408996        1.4933318157930759        3.8757645477954838E-007   1.7679375054959650E-003   61363363.934245817        509527.94349075336     
         149   1.4994255290956675        1.4941350330464693        1.4935307680093484        1.5329007810886471E-007   1.1948807481968139E-003   188722496.32847875        985509.57771188917     
         150   1.5048968305263113        1.5021697957797133        1.4935595260060446        7.5494863141852007E-008   1.1042945239601539E-003   398602610.43911314        1460760.4224916715     
