           1  -2.0189935074864063       -2.3200235031503875        3.8741305552631645E-006   13.114414532599781        4.5048060326129081E-003   1.1360908050941152        54.874130595652112     
           2  -1.9890812558352644       -2.0037799048687774        4.5124031050937080E-006   9.8996526732525112        6.1474191152904190E-003   1.2883493142548739        54.065940677075233     
           3  -1.9596958318360109       -1.9741400550482990        5.2551610870841630E-006   9.4641429264320287        6.2879314026250219E-003   1.3324926190986350        54.674599604974262     
           4  -1.9307439793777750       -1.9449786941048022        6.1193490855780492E-006   9.0690693298133063        6.4405994653059717E-003   1.3739601357847426        55.186855272315192     
           5  -1.9021497230326438       -1.9162115604382268        7.1246217592150102E-006   8.7063494881411110        6.6043752192226773E-003   1.4133445022751554        55.621953311146683     
           6  -1.8738509389210463       -1.8877698768779290        8.2937683421979099E-006   8.3696635702762237        6.7782587672894530E-003   1.4512189022011970        55.997299206466693     
           7  -1.8457966734766746       -1.8595973167315680        9.6532015343253937E-006   8.0541172362450908        6.9613454944610631E-003   1.4881114517501575        56.328033073990106     
           8  -1.8179450276479949       -1.8316476203251513        1.1233520052176498E-005   7.7559525154616384        7.1528495804293506E-003   1.5244925710800088        56.626932601862627     
           9  -1.7902614736411893       -1.8038827063251643        1.3070155332889411E-005   7.4723036269080705        7.3521097816266869E-003   1.5607721168587525        56.904538706740134     
          10  -1.7627175064297840       -1.7762711638068025        1.5204114233635094E-005   7.2009947970972323        7.5585831647170133E-003   1.5973029912014878        57.169409647168969     
          11  -1.7352895570289588       -1.7487870405439889        1.7682831061710688E-005   6.9403763912619993        7.7718317130829545E-003   1.6343884411005654        57.428430604313071     
          12  -1.7079581122953367       -1.7214088639852307        2.0561143908211962E-005   6.6891948996028567        7.9915055828453357E-003   1.6722909768484828        57.687129018880228     
          13  -1.6807069989458130       -1.6941188465444508        2.3902412046298285E-005   6.4464918505237323        8.2173256110305449E-003   1.7112415393209999        57.949966193662839     
          14  -1.6535227990402019       -1.6669022379564935        2.7779793093826509E-005   6.2115266585798290        8.4490666730088326E-003   1.7514481216497002        58.220590869701901     
          15  -1.6263943713203797       -1.6397467957146479        3.2277700726063176E-005   5.9837187063331490        8.6865427234817990E-003   1.7931034690793850        58.502050638559062     
          16  -1.5993124582138469       -1.6126423508330363        3.7493465948199080E-005   5.7626044891580230        8.9295938321831518E-003   1.8363917548819519        58.796963066907843     
          17  -1.5722693624586146       -1.5855804509199374        4.3539227283243737E-005   5.5478062961203944        9.1780752014759340E-003   1.8814942914910182        59.107651436725774     
          18  -1.5452586805179822       -1.5585540662011055        5.0544077673275542E-005   5.3390095590779847        9.4318479765943489E-003   1.9285944182922312        59.436251093839815     
          19  -1.5182750824630593       -1.5315573469731725        5.8656498394410427E-005   5.1359466112169061        9.6907715825092239E-003   1.9778817394374375        59.784792358851774     
          20  -1.4913141299778270       -1.5045854231963274        6.8047112797824840E-005   4.9383851216993193        9.9546973061889078E-003   2.0295558880372315        60.155265346374748     
          21  -1.4643721257107121       -1.4776342386983170        7.8911795143583020E-005   4.7461199043223203        1.0223462862014471E-002   2.0838299816549108        60.549671212360131     
          22  -1.4374459884503392       -1.4507004138657182        9.1475172103685836E-005   4.5589671388323385        1.0496887713223265E-002   2.1409339172876778        60.970063505515952     
          23  -1.4105331496105915       -1.4237811318233995        1.0599455656486406E-004   4.3767603049808796        1.0774768962492574E-002   2.2011176372487102        61.418582537981862     
          24  -1.3836314673237691       -1.3968740440094241        1.2276435502187294E-004   4.1993473253877891        1.1056877664048323E-002   2.2646544833220523        61.897485052290783     
          25  -1.3567391551006409       -1.3699771917862542        1.4212099094855669E-004   4.0265885574792017        1.1342955445069334E-002   2.3318447465044176        62.409170952101405     
          26  -1.3298547225535953       -1.3430889413253575        1.6444838686127992E-004   3.8583553792825254        1.1632711354648318E-002   2.4030195139980846        62.956208472421537     
          27  -1.3029769261180664       -1.3162079294885771        1.9018404710255149E-004   3.6945291886924658        1.1925818884194077E-002   2.4785449139049631        63.541358873717527     
          28  -1.2761047280670175       -1.2893330188274228        2.1982578138399076E-004   3.5350006888618855        1.2221913124463839E-002   2.5588268611946767        64.167601535090114     
          29  -1.2492372624084898       -1.2624632601476629        2.5393910550402930E-004   3.3796693696525959        1.2520588042126383E-002   2.6443164159039387        64.838160177966643     
          30  -1.2223738064991527       -1.2355978613547443        2.9316535001716826E-004   3.2284431211008644        1.2821393873616796E-002   2.7355158762078848        65.556530859649015     
          31  -1.1955137574069761       -1.2087361615163628        3.3823049955276511E-004   3.0812379329030128        1.3123834646710939E-002   2.8329857451840619        66.326512324649372     
          32  -1.1686566122213802       -1.1818776092606209        3.8995477449452231E-004   2.9379776463838589        1.3427365851268608E-002   2.9373527311569307        67.152239282834444     
          33  -1.1418019516457683       -1.1550217447786106        4.4926295233440499E-004   2.7985937339733975        1.3731392290387461E-002   3.0493189680737136        68.038219191115374     
          34  -1.1149494263202959       -1.1281681848246174        5.1719540768050526E-004   2.6630250870887178        1.4035266152078001E-002   3.1696726752788051        68.989373145819499     
          35  -1.0880987454162752       -1.1013166102100613        5.9491982709537013E-004   2.5312177973498353        1.4338285349706496E-002   3.2993005164673090        70.011081543595509     
          36  -1.0612496671211085       -1.0744667553725566        6.8374352715569367E-004   2.4031249188507782        1.4639692186952170E-002   3.4392019669894771        71.109235238651621     
          37  -1.0344019906969193       -1.0476183996721329        7.8512627089251993E-004   2.2787062011857766        1.4938672409898913E-002   3.5905060589335669        72.290293013298253     
          38  -1.0075555498493760       -1.0207713601252952        9.0069343872099621E-004   2.1579277843976787        1.5234354715064909E-002   3.7544909469169272        73.561346288075313     
          39 -0.98071020718746182      -0.99392548533623715        1.0322493648700106E-003   2.0407618481907424        1.5525810787525712E-002   3.9326068272571568        74.930192128944213     
          40 -0.95386584959172149      -0.96708065042492830        1.1817905991466629E-003   1.9271862087907476        1.5812055947616910E-002   4.1265028529354639        76.405415764672711     
          41 -0.92702238433904627      -0.94023675278535046        1.3515187968628514E-003   1.8171838578612107        1.6092050487751423E-002   4.3380588212168805        77.996484011006487     
          42 -0.90017973585746702      -0.91339370853504009        1.5438528775054458E-003   1.7107424389820969        1.6364701782360061E-002   4.5694225758818598        79.713851213741634     
          43 -0.87333784300552508      -0.88655144954029108        1.7614400262756860E-003   1.6078536584332552        1.6628867253517379E-002   4.8230542692035296        81.569079575577717     
          44 -0.84649665678836417      -0.85970992092064347        2.0071650435036308E-003   1.5085126284452430        1.6883358272084134E-002   5.1017788794724801        83.574976027914687     
          45 -0.81965613843730289      -0.83286907895233897        2.2841574773047094E-003   1.4127171427162777        1.7126945068798954E-002   5.4088486898993766        85.745748156088453     
          46 -0.79281625779182074      -0.80602888930377747        2.5957959074993601E-003   1.3204668858603195        1.7358362721309396E-002   5.7480178191516726        88.097182093905744     
          47 -0.76597699193303692      -0.77918932554713871        2.9457086872878169E-003   1.2317625805462995        1.7576318271290425E-002   6.1236313716922046        90.646845781460001     
          48 -0.73913832402621538      -0.75235036789960608        3.3377703977101802E-003   1.1466050783931385        1.7779499010253188E-002   6.5407323717743919        93.414321541847485     
          49 -0.71230024233688927      -0.72551200215536571        3.7760932334672164E-003   1.0649944031614957        1.7966581953175697E-002   7.0051903893974217        96.421472592749893     
          50 -0.68546273939109270      -0.69867421877601243        4.2650125227663618E-003  0.98692875737400498        1.8136244495569543E-002   7.5238566993595297        99.692748885996451     
          51 -0.65862581125512387      -0.67183701211239444        4.8090655944534339E-003  0.91240350612310628        1.8287176222066298E-002   8.1047519865681394        103.25553858370661     
          52 -0.63178945687550025      -0.64500037971540358        5.4129632489311871E-003  0.84141015310821532        1.8418091832794203E-002   8.7572940936033241        107.14057255498868     
          53 -0.60495367766178476      -0.61816432180111791        6.0815531712160101E-003  0.77393533538091741        1.8527744914027481E-002   9.4925751279116479        111.38239057889814     
          54 -0.57811847688776841      -0.59132884074000180        6.8197747503008933E-003  0.70995983806246465        1.8614942852750338E-002   10.323699737115094        116.01987936349188     
          55 -0.55128385932166135      -0.56449394057612967        7.6326049430004766E-003  0.64945767768675344        1.8678562144802031E-002   11.266199150363521        121.09689440552958     
          56 -0.52444983085827312      -0.53765962665840350        8.5249950451604974E-003  0.59239525790237746        1.8717564310435832E-002   12.338539610952733        126.66297968454938     
          57 -0.49761639819019204      -0.51082590529283567        9.5017985086898460E-003  0.53873062929938631        1.8731011993149183E-002   13.562748582548414        132.77420176533664     
          58 -0.47078356851169417      -0.48399278343059776        1.0567690266548491E-002  0.48841287535149885        1.8718084979246076E-002   14.965188397384589        139.49411781097348     
          59 -0.44395134925027974      -0.45716026838617180        1.1727078393353818E-002  0.44138164633961574        1.8678095815021788E-002   16.577515028558050        146.89490052260200     
          60 -0.41711974782183259      -0.43032836758106269        1.2984009326543373E-002  0.39756686068612029        1.8610504672085824E-002   18.437869991460172        155.05864718901864     
          61 -0.39028877140628876      -0.40349708830952924        1.4342068287905064E-002  0.35688858968942599        1.8514933093263401E-002   20.592366703329269        164.07890498052589     
          62 -0.36345842674145912      -0.37666643752361090        1.5804276959684442E-002  0.31925713725765398        1.8391176243476037E-002   23.096949872971692        174.06245050888791     
          63 -0.33662871993328541      -0.34983642163542084        1.7372990861868675E-002  0.28457332100705135        1.8239213293697178E-002   26.019728866573686        185.13136868042591     
          64 -0.30979965619967120      -0.32300704629316451        1.9049799223487800E-002  0.25272895438132398        1.8059215643613048E-002   29.443915147107628        197.42548419181520     
          65 -0.28297123996554691      -0.29617831630601049        2.0835430415365837E-002  0.22360752879208312        1.7851552297415085E-002   33.471531548201220        211.10520906965482     
          66 -0.25614347445112462      -0.26935023547792625        2.2729666189455031E-002  0.19708507103856687        1.7616793007317888E-002   38.228111672657448        226.35488116967022     
          67 -0.22931636163227975      -0.24252280638774179        2.4731268027599493E-002  0.17303117387720809        1.7355707780579127E-002   43.868671360539174        243.38668321893650     
          68 -0.20248990212231038      -0.21569603030900678        2.6837918821399923E-002  0.15131016253859453        1.7069263480172060E-002   50.585321100498994        262.44524828997237     
          69 -0.17566409495265145      -0.18886990703966713        2.9046182872108965E-002  0.13178237196411366        1.6758617179099915E-002   58.617000270029848        283.81307802477863     
          70 -0.14883893784262939      -0.16204443493484993        3.1351486810520371E-002  0.11430550382740223        1.6425105873679603E-002   68.261962350607789        307.81692408259818     
          71 -0.12201442663171599      -0.13521961074493843        3.3748123496369645E-002   9.8736017485323388E-002   1.6070233917563213E-002   79.893839877695981        334.83531128850933     
          72  -9.5190555699327786E-002 -0.10839542955684374        3.6229280279722408E-002   8.4930532399877356E-002   1.5695656380666639E-002   93.982374258369191        365.30741670521377     
          73  -6.8367317489828897E-002  -8.1571884752593360E-002   3.8787092218177791E-002   7.2747188825840442E-002   1.5303160930887787E-002   111.12025050545363        399.74355791446663     
          74  -4.1544691415421622E-002  -5.4748962059321560E-002   4.1412721793625026E-002   6.2046961271330615E-002   1.4894642178832077E-002   132.05791796220385        438.73760317504519     
          75  -1.4722687183543446E-002  -2.7926656504479789E-002   4.4096453359032804E-002   5.2694771657510388E-002   1.4472099121176633E-002   157.74903415360944        482.98164503211473     
          76   1.2098717820890306E-002  -1.1049611353447014E-003   4.6827826036183594E-002   4.4560722609898559E-002   1.4037573983324175E-002   189.40949494440437        533.28333529286078     
          77   3.8919538292228655E-002   2.5716142580525358E-002   4.9595768662333180E-002   3.7520847976122262E-002   1.3593161999595442E-002   228.59520093886240        590.58659497504357     
          78   6.5739790735838424E-002   5.2536670270924977E-002   5.2388757668110547E-002   3.1457955588519923E-002   1.3140970314457504E-002   277.30377892485876        655.99599729390491     
          79   9.2559493306626925E-002   7.9356639291433495E-002   5.5194984110249312E-002   2.6262195065612618E-002   1.2683096315461011E-002   338.10868915200484        730.80582010488342     
          80  0.11937866588146329       0.10617606868449783        5.8002526807173119E-002   2.1831469636632937E-002   1.2221604050393301E-002   414.33624225942231        816.53454509198320     
          81  0.14619733002152341       0.13299497919511652        6.0799526765420504E-002   1.8071679608969941E-002   1.1758501871816847E-002   510.29990239517394        914.96587877980858     
          82  0.17301550872306326       0.15981339312413390        6.3574358092728767E-002   1.4896806598910231E-002   1.1295721871233672E-002   631.61120408205272        1028.1975603992682     
          83  0.19983322657685834       0.18663133428965401        6.6315790807634681E-002   1.2228852178349233E-002   1.0835101794278082E-002   785.59336496620506        1158.6994704419224     
          84  0.22665050948105556       0.21344882795629455        6.9013141359473035E-002   9.9976492717318167E-003   1.0378369069279393E-002   981.83282490087311        1309.3828552625907     
          85  0.25346739598521351       0.24026590654312693        7.1656408997045756E-002   8.1405668541458687E-003   9.9271250163826957E-003   1232.9163364741146        1483.6828778137703     
          86  0.28028389464725323       0.26708259314103605        7.4236384805951794E-002   6.6021157163528637E-003   9.4828473738886934E-003   1555.4193149733853        1685.6569973291168     
          87  0.30710004415480208       0.29389891183774308        7.6744756225236979E-002   5.3335183506289727E-003   9.0468592043998573E-003   1971.2299571488384        1920.1021833789616     
          88  0.33391587512467380       0.32071489716090024        7.9174173292267419E-002   4.2921902438493031E-003   8.6203459646689330E-003   2509.3352589399974        2192.6954960715175     
          89  0.36073141900415273       0.34753058015535510        8.1518299829375529E-002   3.4412264460094493E-003   8.2043433785375722E-003   3208.2251115396780        2510.1612083383179     
          90  0.38754670801205093       0.37434599266604573        8.3771840583211604E-002   2.7488637167142668E-003   7.7997397441827293E-003   4119.1417296684167        2880.4709106414821     
          91  0.41436177502630200       0.40116116725150197        8.5930546799769358E-002   2.1879485195263992E-003   7.4072785526499993E-003   5310.4773692538720        3313.0826187235707     
          92  0.44117665335796519       0.42797613701289111        8.7991201811908670E-002   1.7354203333070828E-003   7.0275630480937899E-003   6873.7375026190102        3819.2267011473482     
          93  0.46799137676015801       0.45479093548911198        8.9951588698648721E-002   1.3718195330328514E-003   6.6610625508100683E-003   8931.6410618957652        4412.2479183122050     
          94  0.49480597914124919       0.48160559651329443        9.1810442429414746E-002   1.0808267376439787E-003   6.3081199967792182E-003   11649.142212175144        5108.0147312268418     
          95  0.52162049459852999       0.50842015409117658        9.3567389130538553E-002   8.4883813879877465E-004   5.9689606961021314E-003   15248.451963738897        5925.4092650354878     
          96  0.54843497527604446       0.53523465162189587        9.5222876912488347E-002   6.6457972162136823E-004   5.6436992011677381E-003   20029.540454478993        6886.9143521957185     
          97  0.57524942454172912       0.56204911610878738        9.6778091058363186E-002   5.1875958282025585E-004   5.3323605996777202E-003   26398.187685097229        8019.3160987444098     
          98  0.60206389011027239       0.58886357377746656        9.8234880343551684E-002   4.0376325120337989E-004   5.0348701016325569E-003   34904.311518080176        9354.5440515660157     
          99  0.62887840561183173       0.61567806508302225        9.9595665532739908E-002   3.1338133021798441E-004   4.7510819977290911E-003   46294.629993806942        10930.683798417453     
         100  0.65569300423991139       0.64249262343055036       0.10086335519249731        2.4257680979933123E-004   4.4807811026716287E-003   61584.845431798363        12793.184107694517     
         101  0.68250771868103088       0.66930728175224419       0.10204126175209030        1.8728334737674673E-004   4.2236940165834855E-003   82158.899385447105        14996.307887973189     
         102  0.70932258096954215       0.69612207239848245       0.10313302085941824        1.4423353835710503E-004   3.9794983349229866E-003   109905.53850653415        17604.871581692674     
         103  0.73613762250222281       0.72293702707499974       0.10414251530554779        1.1081371636002569E-004   3.7478313358221705E-003   147406.44109018816        20696.331642292207     
         104  0.76295287401884104       0.74975217683994011       0.10507380448462680        8.4942151248044526E-005   3.5282980050571730E-003   198195.64832284465        24363.287861390952     
         105  0.78976836552529139       0.77656755205482142       0.10593106006734399        6.4967629268138048E-005   3.3204783836007141E-003   267117.69109235180        28716.487389180536     
         106  0.81658412633930122       0.80338318237084771       0.10671850830341298        4.9585594076371383E-005   3.1239342410488507E-003   360822.43873106106        33888.430222262534     
         107  0.84340022619635258       0.83019911793835077       0.10744038078331958        3.7769294755869876E-005   2.9382121160962298E-003   488449.36775056797        40037.702074970570     
         108  0.87021662579744685       0.85701537229300517       0.10810086404042446        2.8713406619789564E-005   2.7628616445873173E-003   662576.01440146565        47354.169547313621     
         109  0.89703338392773324       0.88383195669150394       0.10870407119353859        2.1788737974428134E-005   2.5974165619607453E-003   900527.79319936759        56065.191930722751     
         110  0.92385052861755490       0.91064891406701232       0.10925400495232310        1.6505061724380044E-005   2.4414200062400199E-003   1226200.8070970636        66443.167498758601     
         111  0.95066808706761707       0.93746627202226995       0.10975453380075120        1.2481750362346566E-005   2.2944181921217481E-003   1672585.0819269950        78814.498983646845     
         112  0.97748602419151531       0.96428402565318450       0.11020937221420979        9.4241561150928429E-006   2.1559596018550860E-003   2285268.4233266027        93570.426438410810     
         113   1.0043044086798678       0.99110219336342764       0.11062206581058721        7.1047665052309894E-006   2.0256165554808502E-003   3127314.5933398530        111179.98991186265     
         114   1.0311232631055931        1.0179208200730732       0.11099598090307036        5.3484771856358459E-006   1.9029610655220228E-003   4286026.9845629027        132205.68443102538     
         115   1.0579426099089879        1.0447399282867003       0.11133429792015466        4.0208172627148652E-006   1.7875820642505394E-003   5882374.4947849493        157322.19308123147     
         116   1.0847624717849011        1.0715595405758294       0.11164000817062991        3.0187839570255155E-006   1.6790828932516254E-003   8084104.1156989783        187338.94444453245     
         117   1.1115828721628414        1.0983796800139982       0.11191591345468005        2.2636626914494847E-006   1.5770820958838773E-003   11124003.996947687        223227.21798998100     
         118   1.1384040605390540        1.1252004865533436       0.11216462805370442        1.6954191505180101E-006   1.4812275533747708E-003   15325407.267163863        266152.60473136033     
         119   1.1652259072560214        1.1520220142612920       0.11238858452561430        1.2684206750916176E-006   1.3911348736831671E-003   21137424.467949927        317514.73090338154     
         120   1.1920481430750967        1.1788440615351443       0.11259003207935961        9.4795551108690880E-007   1.3064966121436726E-003   29184879.216616943        378993.73616716830     
         121   1.2188708528257675        1.2056665416353176       0.11277105355191777        7.0774991627396405E-007   1.2269841304576581E-003   40336731.149794504        452606.48038630030     
         122   1.2456940152327849        1.2324894847011916       0.11293356641562452        5.2791038857345459E-007   1.1522980706992361E-003   55802977.736428574        540776.27813939936     
         123   1.2725183125552197        1.2593132320845555       0.11307933261348441        3.9340499011453162E-007   1.0821822651219106E-003   77269825.132438466        646412.90130997566     
         124   1.2993434227288969        1.2861379483802982       0.11320996720701818        2.9292310700110644E-007   1.0163237645972368E-003   107085415.87086496        773013.88998421631     
         125   1.3261694153574715        1.3129635134039868       0.11332694723664519        2.1792953481628305E-007   9.5448120994753101E-004   148525224.17843103        924779.97383980337     
         126   1.3529963734312043        1.3397900036593473       0.11343162063383426        1.6201146110392571E-007   8.9641218178458627E-004   206158092.11770484        1106759.8856159479     
         127   1.3798243963855990        1.3666175106132901       0.11352521505365230        1.2035386833753444E-007   8.4188780016601020E-004   286360319.47040802        1325021.7863661249     
         128   1.4066536041698461        1.3934461442750603       0.11360884652251503        8.9346081713323331E-008   7.9069213701070395E-004   398034557.02569032        1586860.2755755370     
         129   1.4334841432150385        1.4202760382439252       0.11368352781894592        6.6283826229680637E-008   7.4262162630545547E-004   553616000.72856975        1901045.7683545933     
         130   1.4603168283933960        1.4471076834932977       0.11375017881986335        4.9144575152544454E-008   6.9747407386514144E-004   770478244.88381577        2278129.0763044809     
         131   1.4871508788987329        1.4739410724180000       0.11380962539358856        3.6414557233734890E-008   6.5509423687335388E-004   1072934170.7307608        2730805.3673966047     
         132   1.5139870673941214        1.5007762249345380       0.11386261932660172        2.6967300797185822E-008   6.1529061436616048E-004   1494935225.6455507        3274321.1181395235     
         133   1.5408258222696523        1.5276137362551114       0.11390983705076897        1.9960274779048885E-008   5.7790927033974922E-004   2084028499.9510396        3927055.7404581332     
         134   1.5676676853085136        1.5544540932197799       0.11395188802015410        1.4766296520023804E-008   5.4279900163656540E-004   2906758122.5561743        4711127.3197581554     
         135   1.5945134087687598        1.5812979461036243       0.11398932069667132        1.0918415470490306E-008   5.0981850745606522E-004   4056323515.4677773        5653176.5312817283     
         136   1.6213639872935217        1.6081461721074475       0.11402262810988562        8.0692989052664343E-009   4.7883415054616725E-004   5663327001.2603168        6785310.0014005331     
         137   1.6482207499984627        1.6349999382882419       0.11405225300225322        5.9607732221413239E-009   4.4972025420559003E-004   7910905139.4092703        8146248.0604443317     
         138   1.6750854666280330        1.6618608009021545       0.11407859257503979        4.4010800369100867E-009   4.2235836345886881E-004   11056054839.346865        9782727.8423693646     
         139   1.7019604808260644        1.6887308255431968       0.11410200285318807        3.2478890306953529E-009   3.9663663780809861E-004   15459747752.830725        11751225.190333549     
         140   1.7288488805277735        1.7156127395589884       0.11412280268979337        2.3956255216001671E-009   3.7244923785696379E-004   21629551981.849258        14120079.551340137     
         141   1.7557989015111968        1.7425329044758278       0.11414127743297800        1.7631701690880058E-009   3.5033069439341304E-004   30301677772.330086        16970472.892350517     
         142   1.7827175746967145        1.7694667656791865       0.11415768228050351        1.3011861494748904E-009   3.2829194575146714E-004   42416072649.960350        20407054.492486846     
         143   1.8096782660848669        1.7964070993640076       0.11417225646132526        9.5834863346193615E-010   3.0804077197410751E-004   59452807869.835205        24547896.783114217     
         144   1.8366666990857798        1.8233820921864961       0.11418518296752282        7.0483963685544753E-010   2.8909866895553268E-004   83442370841.906433        29546901.786997817     
         145   1.8637051000201712        1.8503962859137288       0.11419665400307116        5.1812041675193943E-010   2.7115545310765602E-004   117208773773.26801        35584070.790682591     
         146   1.8907475513997452        1.8774367750984493       0.11420679765674807        3.8003872833132859E-010   2.5457145377436816E-004   164917708773.85632        42880651.448458165     
         147   1.9179000520552230        1.9045359671696389       0.11421581666133863        2.7914335804940989E-010   2.3837740240013609E-004   232027873516.93213        51705169.148256958     
         148   1.9451429334865751        1.9317350727747462       0.11422381332814914        2.0443191298707747E-010   2.2320435372162996E-004   327416058935.54584        62438789.813189827     
         149   1.9724997545556704        1.9590367140035685       0.11423090218490528        1.4942819478825975E-010   2.0876209018737171E-004   463171290418.36597        75515840.562070832     
         150   2.0000000000000000        1.9864675110543795       0.11423718517752475        1.0895340251806441E-010   1.9494866123949411E-004   657353642865.01855        91516547.277426869     
