           1  -1.7632015363236493       -2.0642315319876308        4.9340754158181852E-005   27.758488595974722        3.1591736456650317E-002  0.20268305201286449        14.242803979718541     
           2  -1.7436074441514189       -1.7532939961184095        5.4948311171684085E-005   24.847746998392896        3.3708721506224740E-002  0.21920065275127620        14.573555033719842     
           3  -1.7247419612815742       -1.7340722726605615        6.1189783475984610E-005   24.610197458728639        3.3898693822258248E-002  0.22069547032467515        14.602631394776274     
           4  -1.7063588795056588       -1.7154531613666031        6.8137709223710144E-005   24.370008575859384        3.4092920758119087E-002  0.22223487515131948        14.632556459308839     
           5  -1.6883047913670686       -1.6972380262112010        7.5871406269843931E-005   24.124571916821527        3.4293674972612945E-002  0.22383777008356534        14.663692084175374     
           6  -1.6704850662552282       -1.6793035391137590        8.4478969949034217E-005   23.872123164438992        3.4502643111687610E-002  0.22551880965742904        14.696314857552046     
           7  -1.6528511018349390       -1.6615785896594886        9.4053355316798528E-005   23.611529573725729        3.4721071477310482E-002  0.22728947141286379        14.730637207216898     
           8  -1.6353442667201934       -1.6440094755450139        1.0471254452820816E-004   23.341856116792723        3.4950112120774549E-002  0.22916079787719290        14.766860546068379     
           9  -1.6179538926413826       -1.6265620405516652        1.1656704710366766E-004   23.062426733745134        3.5190764829718529E-002  0.23114294550336772        14.805166614671734     
          10  -1.6006353888908615       -1.6092083195273532        1.2976215766879255E-004   22.772654035072552        3.5444021397449392E-002  0.23324635015775047        14.845739471546706     
          11  -1.5833826102101889       -1.5919233322171509        1.4443457840648889E-004   22.471997468810361        3.5710902884024426E-002  0.23548210393182420        14.888772709356513     
          12  -1.5661556321450116       -1.5746837098577668        1.6076257275145767E-004   22.159956402673735        3.5992474011048228E-002  0.23786209983952514        14.934471325466227     
          13  -1.5489495732889822       -1.5574673986924477        1.7891561706495008E-004   21.836069210813342        3.6289847877207973E-002  0.24039917005611505        14.983054150453222     
          14  -1.5317296152720485       -1.5402542525527083        1.9911170646267029E-004   21.499940727813723        3.6604170330346117E-002  0.24310699413210174        15.034750967338885     
          15  -1.5144924743229278       -1.5230255326794317        2.2156128572587536E-004   21.151238265284089        3.6936626349627931E-002  0.24600027319783221        15.089805508349594     
          16  -1.4972152154046572       -1.5057679342645436        2.4652174520531345E-004   20.789793061044168        3.7288349458958044E-002  0.24909399245330680        15.148460219593357     
          17  -1.4798778557431480       -1.4884600262769074        2.7427978619505073E-004   20.415323496675651        3.7660693554808049E-002  0.25240594345701950        15.211003426949192     
          18  -1.4624799457463484       -1.4710917861695207        3.0512516515219482E-004   20.027855438669594        3.8054826323542665E-002  0.25595326854041489        15.277702819822052     
          19  -1.4450043654993581       -1.4536542615451726        3.3940688374415565E-004   19.627527186087910        3.8471914444679109E-002  0.25975416102907956        15.348836543286275     
          20  -1.4274411672434293       -1.4361339887884310        3.7750221597641545E-004   19.214460838777466        3.8913258180906456E-002  0.26382928449233939        15.424718785980781     
          21  -1.4097765556418229       -1.4185190557322722        4.1984040518327939E-004   18.788903205961894        3.9380151324914361E-002  0.26820068367399208        15.505677580536272     
          22  -1.3920120428785747       -1.4008034749667819        4.6686204582763755E-004   18.351341227456164        3.9873742423587093E-002  0.27289067139886120        15.592033140089059     
          23  -1.3741351786411036       -1.3829816340802996        5.1908944786017357E-004   17.902380219422810        4.0395153870610878E-002  0.27792306458086341        15.684119129116560     
          24  -1.3561391798514788       -1.3650439726725569        5.7708815925707705E-004   17.442629753511973        4.0945605448333172E-002  0.28332466833465714        15.782308350065739     
          25  -1.3380138250899913       -1.3469819512335000        6.4149744584227888E-004   16.972825566656621        4.1526270026644344E-002  0.28912416416192760        15.886989856524892     
          26  -1.3197606001250324       -1.3287913226886001        7.1298351454863952E-004   16.493914173952636        4.2138142800284988E-002  0.29535108752724248        15.998548917989693     
          27  -1.3013702616933316       -1.3104680950874441        7.9232209635646494E-004   16.006946599341894        4.2782144385584114E-002  0.30203705660931102        16.117386904138321     
          28  -1.2828375998620047       -1.2920050826710803        8.8035683137574114E-004   15.512975724697892        4.3459232962034196E-002  0.30921735335422806        16.243947198321816     
          29  -1.2641579471405235       -1.2733973512799437        9.7801809333177372E-004   15.013190969825123        4.4170204361691008E-002  0.31692922363972570        16.378681785718229     
          30  -1.2453240169078188       -1.2546388942846971        1.0863497648016330E-003   14.508818025720151        4.4915796583458012E-002  0.32521338601834271        16.522074801475192     
          31  -1.2263376363248648       -1.2357270796315054        1.2064519003941669E-003   14.001224552598332        4.5696495403392851E-002  0.33411235234152775        16.674610441701521     
          32  -1.2071925552652374       -1.2166596073336164        1.3395864329956673E-003   13.491822044797043        4.6512633340479045E-002  0.34367182702445526        16.836793596352827     
          33  -1.1878858289050060       -1.1974319149355614        1.4871264694576621E-003   12.981979585665284        4.7364487154558314E-002  0.35394245467301821        17.009175941049968     
          34  -1.1684149984576828       -1.1780413052574199        1.6505833078067455E-003   12.473116793847577        4.8252094470681295E-002  0.36497820112696328        17.192323514580934     
          35  -1.1487763000865692       -1.1584846515407465        1.8316365290212656E-003   11.966624812995207        4.9175340994088823E-002  0.37683795215135302        17.386838755985444     
          36  -1.1289722297561366       -1.1387613901205087        2.0320782141062910E-003   11.463926220816461        5.0133805251112697E-002  0.38958415291335774        17.593333206240587     
          37  -1.1090002887933068       -1.1188714629500656        2.2539287840002797E-003   10.966400965232141        5.1126847347913409E-002  0.40328435309077348        17.812447068211252     
          38  -1.0888603425461518       -1.0988135800470062        2.4993888245647329E-003   10.475328359239954        5.2153686833362627E-002  0.41801305679301176        18.044872756973437     
          39  -1.0685528038736460       -1.0785878868752536        2.7708721298777710E-003   9.9919396210777247        5.3213272781736362E-002  0.43385061144717585        18.291329298812485     
          40  -1.0480789649019042       -1.0581952464079951        3.0710194097225336E-003   9.5173862034436993        5.4304316048191970E-002  0.45088432062882944        18.552572334650399     
          41  -1.0274405048155291       -1.0376371492692229        3.4027238556643379E-003   9.0527266058631746        5.5425296408164897E-002  0.46920926925079548        18.829398181243750     
          42  -1.0066385465952892       -1.0169149903599315        3.7691700561390019E-003   8.5989023697692240        5.6574508354345208E-002  0.48892988958764283        19.122657682458481     
          43 -0.98567843250756093      -0.99603205352422941        4.1737706892082957E-003   8.1567767871783605        5.7749954296114084E-002  0.51015905523504457        19.433232323603875     
          44 -0.96456237697984926      -0.97499208055768627        4.6203156022830427E-003   7.7270969853479485        5.8949440236520746E-002  0.53302035473088982        19.762056182652557     
          45 -0.94329429105643969      -0.95379815556049541        5.1129141673248403E-003   7.3104732980954932        6.0170642730225828E-002  0.55765060737338035        20.110139405255516     
          46 -0.92187847144080137      -0.93245438818633219        5.6560420567750812E-003   6.9074159371456707        6.1411030520331408E-002  0.58419952444936574        20.478547852826051     
          47 -0.90031964365602213      -0.91096529596484643        6.2545657568274611E-003   6.5183257241758454        6.2667910387803283E-002  0.61283185880847280        20.868417553136151     
          48 -0.87862284763550758      -0.88933576671680836        6.9137716212976773E-003   6.1434988493709888        6.3938441736755586E-002  0.64372917833948196        21.280961181811659     
          49 -0.85679337015334833      -0.86757096809731571        7.6393951088414057E-003   5.7831321083441978        6.5219653688417659E-002  0.67709193753672825        21.717476146325083     
          50 -0.83483673708019634      -0.84567631066080540        8.4376489256956320E-003   5.4373301551797191        6.6508458346858243E-002  0.71314173822378946        22.179352403347135     
          51 -0.81275790480111354      -0.82365702951157738        9.3152837006092813E-003   5.1061076577116857        6.7801686768419703E-002  0.75212458270027327        22.668089631849544     
          52 -0.79056408310610415      -0.80151923756672971        1.0279504384419264E-002   4.7894144218310881        6.9096031848603967E-002  0.79431182687256574        23.185282496955605     
          53 -0.76826042644035530      -0.77926909199310490        1.1338166921953498E-002   4.4871296156220568        7.0388116415591034E-002  0.84000469488755469        23.732646740316810     
          54 -0.74585278458672100      -0.75691210484903748        1.2499703176711398E-002   4.1990627310173734        7.1674532669964652E-002  0.88953942747407033        24.312047618082428     
          55 -0.72334701515363387      -0.73445413098135526        1.3773175159422524E-002   3.9249755756012941        7.2951797871993587E-002  0.94328959018980696        24.925488299710320     
          56 -0.70074887152243126      -0.71190097552141163        1.5168309084016108E-002   3.6645845624359015        7.4216385894514167E-002   1.0016715788125941        25.575131728703113     
          57 -0.67806407813005887      -0.68925837791768096        1.6695518132070250E-002   3.4175678925295130        7.5464737829689738E-002   1.0651501068870572        26.263315131847484     
          58 -0.65529821203008942      -0.66653198784043788        1.8365934884556415E-002   3.1835720065757345        7.6693274493846372E-002   1.1342445008264561        26.992566190563910     
          59 -0.63245671941564552      -0.64372731597311161        2.0191434165867956E-002   2.9622172551391621        7.7898410639239704E-002   1.2095359865157596        27.765621680841761     
          60 -0.60954490156834018      -0.62084973485307715        2.2184654835932360E-002   2.7531035193015985        7.9076567504241774E-002   1.2916758911859560        28.585446386155944     
          61 -0.58656785741212525      -0.59790444255063135        2.4359022479534947E-002   2.5558148978443036        8.0224188080617778E-002   1.3813951836204807        29.455255223197444     
          62 -0.56353053342551362      -0.57489646031981656        2.6728759204621168E-002   2.3699242059190238        8.1337750821596763E-002   1.4795153104733205        30.378536392539896     
          63 -0.54043729921338068      -0.55183043905011231        2.9308940208580894E-002   2.1949954847628059        8.2413793483849682E-002   1.5869615930017009        31.359085261144973     
          64 -0.51729340176122829      -0.52871119914485032        3.2115336356805052E-002   2.0305917606601827        8.3448898658758208E-002   1.7047750303175171        32.401009355321023     
          65 -0.49410280297909687      -0.50554332835988236        3.5164649403645866E-002   1.8762743851214374        8.4439734543430109E-002   1.8341304486585421        33.508774860645175     
          66 -0.47086961096155117      -0.48233086397144342        3.8474350762009446E-002   1.7316040939414901        8.5383075208113626E-002   1.9763574710484222        34.687256820176032     
          67 -0.44759769480692307      -0.45907779167703866        4.2062708174461935E-002   1.5961466368906458        8.6275795075647213E-002   2.1329600816503453        35.941754658660194     
          68 -0.42429072089160025      -0.43578787675341818        4.5948758062599890E-002   1.4694734618011502        8.7114889175290297E-002   2.3056429756296546        37.278041387890596     
          69 -0.40095213233439986      -0.41246467117132002        5.0152277068421645E-002   1.3511633241437724        8.7897485765452643E-002   2.4963410905937922        38.702409483377366     
          70 -0.37758514979881330      -0.38911150401820987        5.4693741995971136E-002   1.2408035309080634        8.8620858671536365E-002   2.7072539901462416        40.221722636872016     
          71 -0.35419278421196709      -0.36573148842365000        5.9594277844031207E-002   1.1379910296217013        8.9282438007915563E-002   2.9408856678472279        41.843472087918258     
          72 -0.33077783345155071      -0.34232752605101024        6.4875598732476822E-002   1.0423332595259989        8.9879819896222193E-002   3.2000908459051347        43.575839173257293     
          73 -0.30734289686679067      -0.31890231294526161        7.0559934949316103E-002  0.95344881595898068        9.0410774945326525E-002   3.4881288592554798        45.427764559204370     
          74 -0.28389036155128938      -0.29545833955264905        7.6669956082434987E-002  0.87096792406713275        9.0873255858847188E-002   3.8087265613302392        47.409025588009591     
          75 -0.26042243489530714      -0.27199790076054686        8.3228672851318727E-002  0.79453281282576049        9.1265403667703249E-002   4.1661516358869539        49.530321360484635     
          76 -0.23694113504941117      -0.24852310684069320        9.0259338445992474E-002  0.72379796323870116        9.1585553050348309E-002   4.5652982711355694        51.803367188671814     
          77 -0.21344830411396293      -0.22503588558489077        9.7785334550207367E-002  0.65843023293531533        9.1832236441497614E-002   5.0117875788797779        54.241000475137561     
          78 -0.18994561705247040      -0.20153799330105621       0.10583004867149014       0.59810893022202172        9.2004186598685728E-002   5.5120851532165371        56.857297801013623     
          79 -0.16643458908773395      -0.17803102294943118       0.11441674319304225       0.54252581213450279        9.2100338017176916E-002   6.0736390991877380        59.667705717557624     
          80 -0.14291658584589914      -0.15451641295155230       0.12356841535562488       0.49138502483456808        9.2119828584730681E-002   6.7050423054970087        62.689186612304724     
          81 -0.11939283132399962      -0.13099545621807079       0.13330765042378936       0.44440298702062697        9.2062004687612067E-002   7.4162236252996196        65.940381518437448     
          82  -9.5864254055942746E-002 -0.10746922502581556       0.14365653956721433       0.40130809087910074        9.1926428918903264E-002   8.2186765626763929        69.441805090942523     
          83  -7.2332126489230167E-002  -8.3938824530829237E-002  0.15463624699982245       0.36184107934169024        9.1712872899312917E-002   9.1257166683982920        73.216012061104735     
          84  -4.8797145253672160E-002  -6.0405231480490630E-002  0.16626725140009371       0.32575462021611523        9.1421276945010330E-002   10.152798673895889        77.287848972728582     
          85  -2.5260058071396582E-002  -3.6869168746282481E-002  0.17856892207926228       0.29281283575777556        9.1051768510124573E-002   11.317895941779820        81.684735285442045     
          86  -1.7215072900557276E-003  -1.3331329938353401E-002  0.19155942382278382       0.26279137768903427        9.0604684645732250E-002   12.641935253454637        86.436917674437694     
          87   2.1817936264765126E-002   1.0207679323968920E-002  0.20525553922729117       0.23547715386955689        9.0080561349916252E-002   14.149323628846115        91.577803575733739     
          88   4.5357797951346784E-002   3.3747337609183366E-002  0.21967252748134813       0.21066816147376577        8.9480110641319346E-002   15.868571705896304        97.144327303432007     
          89   6.8897672396342050E-002   5.7287205847814153E-002  0.23482395848209306       0.18817323174472003        8.8804220175184814E-002   17.833038774519430        103.17736436118982     
          90   9.2437219963327433E-002   8.0826912425512806E-002  0.25072156338773255       0.16781178705230870        8.8053953453504738E-002   20.081821748626439        109.72219649551683     
          91  0.11597615014069471       0.10436614293393739       0.26737508158260703       0.14941359245605584        8.7230546793729893E-002   22.660818620850602        116.82903855323705     
          92  0.13951425735166062       0.12790465047975300       0.28479215643636951       0.13281852167904054        8.6335377452181492E-002   25.624002138904594        124.55364371191925     
          93  0.16305133843410155       0.15144223072650631       0.30297814684219271       0.11787622149126720        8.5370001864681369E-002   29.034954406919500        132.95797913010455     
          94  0.18658727870538847       0.17497872595063882       0.32193607903980820       0.10444590296236060        8.4336092033393067E-002   32.968702436275706        142.11100580334119     
          95  0.21012194701177642       0.19851401301109894       0.34166644142093622        9.2395905410237580E-002   8.3235536603933222E-002   37.513957544360245        152.08955857544066     
          96  0.23365529744663396       0.22204800453253465       0.36216718100664569        8.1603568633677334E-002   8.2070285365504106E-002   42.775774023112632        162.97935944051446     
          97  0.25718725635532341       0.24558064035863075       0.38343350768047246        7.1954748799713045E-002   8.0842466785277622E-002   48.878825321468440        174.87617474299407     
          98  0.28071781000094653       0.26911187760519878       0.40545789079437111        6.3343569863483343E-002   7.9554300444522830E-002   55.971330939464181        187.88714004962441     
          99  0.30424694461272012       0.29264170251797256       0.42822992414827826        5.5672005851661932E-002   7.8208151475086016E-002   64.229881437056179        202.13229591494388     
         100  0.32777467148575035       0.31617011419854768       0.45173628195620857        4.8849564558696601E-002   7.6806482939047294E-002   73.865282620227717        217.74634120503856     
         101  0.35130100005566650       0.33969712298708821       0.47596064089569112        4.2792922483322858E-002   7.5351829301122275E-002   85.129709802547154        234.88067185062764     
         102  0.37482597688900143       0.36322275738735782       0.50088361264316561        3.7425451067197364E-002   7.3846973489040901E-002   98.325600199636327        253.70573341915258     
         103  0.39834960063051139       0.38674703935612820       0.52648263484057811        3.2677001085825601E-002   7.2294702299880290E-002   113.81632814032845        274.41371981041391     
         104  0.42187195165613606       0.41027000951016346       0.55273208219697889        2.8483479036920143E-002   7.0697811373688413E-002   132.03953353790928        297.22179481965782     
         105  0.44539304891899356       0.43379171668236349       0.57960301963840710        2.4786381897364155E-002   6.9059326812884361E-002   153.52379343958998        322.37578698519138     
         106  0.46891290947631975       0.45731217885220199       0.60706323961096986        2.1532534385196308E-002   6.7382299661557524E-002   178.90889616957142        350.15446203732472     
         107  0.49243161032217292       0.48083144385654208       0.63507732851105669        1.8673710396872798E-002   6.5669763027980665E-002   208.97130566245150        380.87469536135939     
         108  0.51594913982218538       0.50434954317553382       0.66360638553195561        1.6166207510467274E-002   6.3925004878130867E-002   244.65633518043492        414.89738210542839     
         109  0.53946563957290417       0.52786654386409249       0.69260847156469119        1.3970672008268702E-002   6.2150899719133630E-002   287.11705664419202        452.63464866523611     
         110  0.56298099166675986       0.55138245425450971       0.72203764064200726        1.2051432520438764E-002   6.0351391142963742E-002   337.76736354346713        494.55793537747320     
         111  0.58649535068887981       0.57489729637332432       0.75184509295013768        1.0376682734247166E-002   5.8529305891783533E-002   398.34078480539756        541.20798794225880     
         112  0.61000865375736280       0.59841111312909834       0.78197820147008423        8.9177384111455218E-003   5.6688273813728741E-002   470.97586762071847        593.20687174621241     
         113  0.63352097943036578       0.62192391427396143       0.81238116872435706        7.6490140082197912E-003   5.4831507568775917E-002   558.31519839303257        651.27188821778782     
         114  0.65703226887592503       0.64543570781186277       0.84299451854653096        6.5476129924297950E-003   5.2962571587042907E-002   663.63986481939446        716.23266048768187     
         115  0.68054262888012818       0.66894651996083143       0.87375568389189817        5.5931771628873429E-003   5.1084696095482190E-002   791.03557842091357        789.05169867001064     
         116  0.70405193942318223       0.69245634103520337       0.90459853474412166        4.7675903295095624E-003   4.9201161770266108E-002   945.61290597344248        870.84930599532947     
         117  0.72756012056844943       0.71596507159926870       0.93545331470244864        4.0547125632371906E-003   4.7316010061808453E-002   1133.7984777487950        962.93297691862699     
         118  0.75106733929419733       0.73947275851437877       0.96624776717987604        3.4403561774389432E-003   4.5432033517398884E-002   1363.6895261001541        1066.8352632646647     
         119  0.77457339029707473       0.76297937758149803       0.99690589156383980        2.9119002641919620E-003   4.3552915160592474E-002   1645.5644236130743        1184.3588005395670     
         120  0.79807821186779060       0.78648479723713294        1.0273496074377748        2.4582899849702172E-003   4.1681034274671631E-002   1992.4968553286988        1317.6326706246755     
         121  0.82158182952998593       0.80998900056854084        1.0574973064393403        2.0696515897760640E-003   3.9820944796554111E-002   2421.2909491066985        1469.1825226918597     
         122  0.84508427861746649       0.83349201813708229        1.0872655362921595        1.7374267392119634E-003   3.7975096193952493E-002   2953.5481656510697        1642.0162932424798     
         123  0.86858509987949484       0.85699363129496320        1.1165678532677612        1.4540452980317884E-003   3.6147029346650351E-002   3617.3102400528005        1839.7333451728682     
         124  0.89208431259315424       0.88049362652815966        1.1453171282556012        1.2129130864288425E-003   3.4339237964529298E-002   4449.1289332608230        2066.6645333328165     
         125  0.91558192593735788       0.90399201792805861        1.1734249991389278        1.0082355227595929E-003   3.2554568891346190E-002   5497.0796667284831        2328.0547115091717     
         126  0.93907752350019880       0.92748859612330847        1.2008016841491469        8.3494642191283294E-004   3.0796112196827943E-002   6824.8552614777009        2630.2855766513098     
         127  0.96257062736929611       0.95098291312170002        1.2273578330328989        6.8865440113873705E-004   2.9065938374184325E-002   8517.3893125006798        2981.1739397185152     
         128  0.98606125255651300       0.97447474413880220        1.2530048006202184        5.6550648248536396E-004   2.7367085592243691E-002   10689.272216325206        3390.3699100197568     
         129   1.0095491235055813       0.99796395497459478        1.2776553662917731        4.6217454147523958E-004   2.5701647083879332E-002   13496.262077810061        3869.8725886685570     
         130   1.0330340561027542        1.0214503170312892        1.3012248959218402        3.7576720164929513E-004   2.4071708191512466E-002   17152.509731167691        4434.7308162032377     
         131   1.0565150045309124        1.0449332036996053        1.3236309967368229        3.0377424583457761E-004   2.2479803661009268E-002   21955.978244151207        5103.9736249498828     
         132   1.0799920812246533        1.0684121639444590        1.3447977015248254        2.4404153053024833E-004   2.0927049333439657E-002   28325.804988885924        5901.9331354294809     
         133   1.1034630985297680        1.0918861290848256        1.3646538415356582        1.9470754015035803E-004   1.9414208870169557E-002   36860.174001713131        6860.0758895375648     
         134   1.1269277803493369        1.1153538930807720        1.3831358565866074        1.5414759828606751E-004   1.7943932525281325E-002   48428.879815348824        8019.6046505540644     
         135   1.1503846067380072        1.1388145411223372        1.4001879775495847        1.2097930102716410E-004   1.6517620787398438E-002   64315.430852554346        9435.1948390064299     
         136   1.1738330024706147        1.1622670383933296        1.4157658507616515        9.4019563293606741E-005   1.5136068561576019E-002   86452.036317621576        11180.584186943874     
         137   1.1972725322596733        1.1857108815334905        1.4298369301991669        7.2251306105260100E-005   1.3800416888070245E-002   117817.06366474286        13357.069936184285     
         138   1.2207027739229075        1.2091456419913134        1.4423820805025791        5.4806704716640413E-005   1.2511836412834442E-002   163119.46207115662        16106.559450373232     
         139   1.2441245869987418        1.2325715557280092        1.4533984749549032        4.0949176978602750E-005   1.1270885953512848E-002   230025.40015061325        19632.632521206939     
         140   1.2675369061623731        1.2559884939013073        1.4629005432273683        3.0054670872652540E-005   1.0077438237758127E-002   331446.12887147861        24235.338683412818     
         141   1.2909285792229013        1.2793902119513982        1.4709219339279018        2.1600130264603608E-005   8.9288996185350571E-003   489941.98732867982        30370.573897551381     
         142   1.3143190680190118        1.3027812769374643        1.4775190224208126        1.5113689754743616E-005   7.8341675215825857E-003   747537.64831298729        38761.312607344931     
         143   1.3376124292052032        1.3261218971688995        1.4827694707504442        1.0274002086025297E-005   6.7648333104330105E-003   1183400.6419760610        50591.991974542943     
         144   1.3608283933544929        1.3493755240117875        1.4867770619814069        6.6962853219323446E-006   5.7534364383401643E-003   1968803.5781851909        67951.573712410842     
         145   1.3839597066849045        1.3725480337929084        1.4896715108863248        4.1325268079990129E-006   4.7924905679856168E-003   3495454.7712709927        94774.539050211606     
         146   1.4068904482845810        1.3955764027560971        1.4916061313532514        2.3719503846508482E-006   3.8742266395425011E-003   6773324.5864570551        139134.50341020210     
         147   1.4294031910813729        1.4182926789080270        1.4927602557444308        1.2266927173343970E-006   3.0060457731102674E-003   14868474.706830949        219641.53283675946     
         148   1.4505161819230348        1.4400879734458421        1.4933318157930759        5.4868673386541820E-007   2.2130927581817512E-003   38741437.530656874        382752.57006113447     
         149   1.4581670851847306        1.4543584814434536        1.4935307680093484        2.8075528111697431E-007   1.7756296836838026E-003   84527080.185586795        597365.29596362950     
         150   1.5048968305263113        1.4821601653857275        1.4935595260060446        1.0149488817051750E-008   2.7734414556420534E-004   5916247435.1585340        7949660.2429349804     
