           1  -1.4598167134408129       -1.7608467091047941        4.9340754158181852E-005   3.4135845035014536        8.1449150733135370E-002   1.0264695284874719        25.294817172473746     
           2  -1.4419995983575242       -1.4508167929693669        5.4948311171684085E-005   3.3816841859731910        8.1473001726973041E-002   1.0360008094056754        25.410123277624695     
           3  -1.4247945507614066       -1.4333118805494405        6.1189783475984610E-005   3.3791049281865053        8.1473889829103599E-002   1.0367859340730401        25.419680608301171     
           4  -1.4079915305708068       -1.4163117813217463        6.8137709223710144E-005   3.3763170730805929        8.1477435541360180E-002   1.0376194393081615        25.429619733660459     
           5  -1.3914657504776295       -1.3996500403623344        7.5871406269843931E-005   3.3735152047584638        8.1478190091866826E-002   1.0384764241009472        25.440060011321727     
           6  -1.3751401695612651       -1.3832262525915824        8.4478969949034217E-005   3.3704573294494349        8.1481401446038229E-002   1.0393981073889600        25.451096191932745     
           7  -1.3589814102578812       -1.3669856420394211        9.4053355316798528E-005   3.3672821742946741        8.1483249339689784E-002   1.0403664035375935        25.462804100830418     
           8  -1.3429438566470078       -1.3508886086479199        1.0471254452820816E-004   3.3638751453969751        8.1486050750136221E-002   1.0414022147135493        25.475257646878486     
           9  -1.3270259310988102       -1.3349119692265417        1.1656704710366766E-004   3.3602665012058464        8.1488652658094532E-002   1.0425039494700274        25.488526190358677     
          10  -1.3111939843272402       -1.3190378186831517        1.2976215766879255E-004   3.3564167859987646        8.1491579586445193E-002   1.0436809286220536        25.502681309487691     
          11  -1.2954492620900626       -1.3032502768313057        1.4443457840648889E-004   3.3523143895587797        8.1494652747459706E-002   1.0449384308331575        25.517799846671863     
          12  -1.2797617942627872       -1.2875346997181416        1.6076257275145767E-004   3.3479356945243963        8.1497954423412053E-002   1.0462838895716700        25.533964255746891     
          13  -1.2641333655069644       -1.2718772835140599        1.7891561706495008E-004   3.3432589401191910        8.1501483350509038E-002   1.0477248118374596        25.551264058147996     
          14  -1.2485383873455358       -1.2562658806375013        1.9911170646267029E-004   3.3382600756383001        8.1505264276575298E-002   1.0492693852688417        25.569794625985203     
          15  -1.2329797945892862       -1.2406894214013768        2.2156128572587536E-004   3.3329136304612641        8.1509317000014056E-002   1.0509264280492230        25.589658920697055     
          16  -1.2174426564595253       -1.2251417479582916        2.4652174520531345E-004   3.3271939661528362        8.1513663263422104E-002   1.0527049734531293        25.610961817287073     
          17  -1.2019147564034756       -1.2096093114563866        2.7427978619505073E-004   3.3210706606769218        8.1518328501760398E-002   1.0546157452990401        25.633827828974344     
          18  -1.1864013407870895       -1.1940887830163029        3.0512516515219482E-004   3.3145149558717111        8.1523337381383468E-002   1.0566691832034245        25.658377317860435     
          19  -1.1708926769017036       -1.1785777856885065        3.3940688374415565E-004   3.3074968162560476        8.1528716023279296E-002   1.0588763874258422        25.684737717761916     
          20  -1.1553854195707469       -1.1630698376354527        3.7750221597641545E-004   3.2999822846246616        8.1534494118808851E-002   1.0612499946635323        25.713053848749141     
          21  -1.1398728037945867       -1.1475598532455087        4.1984040518327939E-004   3.2919356926861898        8.1540703338887091E-002   1.0638035386719180        25.743480098116184     
          22  -1.1243614198205831       -1.1320478643685425        4.6686204582763755E-004   3.2833217453401757        8.1547375815956599E-002   1.0665508397025063        25.776172976176674     
          23  -1.1088454742305796       -1.1165341588538908        5.1908944786017357E-004   3.2741035315079410        8.1554545780000987E-002   1.0695066889874583        25.811299091329506     
          24  -1.0933240207429507       -1.1010154101167091        5.7708815925707705E-004   3.2642398164329927        8.1562251797412486E-002   1.0726877928371565        25.849046117721187     
          25  -1.0777930100597461       -1.0854890926218295        6.4149744584227888E-004   3.2536873855107329        8.1570535120856644E-002   1.0761121149520823        25.889614666050058     
          26  -1.0622582148875164       -1.0699561558588704        7.1298351454863952E-004   3.2424030000861537        8.1579438310684205E-002   1.0797983314133575        25.933211522661846     
          27  -1.0467159586593220       -1.0544175634289110        7.9232209635646494E-004   3.2303415680195617        8.1589006847411119E-002   1.0837665204623463        25.980057488242963     
          28  -1.0311657496612048       -1.0388712596529752        8.8035683137574114E-004   3.2174533976561470        8.1599291534315735E-002   1.0880391957097157        26.030399135008068     
          29  -1.0156072321668546       -1.0233168220219857        9.7801809333177372E-004   3.2036876950894326        8.1610345992867595E-002   1.0926403067229589        26.084496488426954     
          30  -1.0000375344228118       -1.0077526142449500        1.0863497648016330E-003   3.1889902417694755        8.1622228806495278E-002   1.0975961749645302        26.142633476688449     
          31 -0.98446091132967306      -0.99217939174980629        1.2064519003941669E-003   3.1733066887457295        8.1635001185086403E-002   1.1029345747114097        26.205106482937115     
          32 -0.96887448466730985      -0.97659777894889455        1.3395864329956673E-003   3.1565807624661186        8.1648728759077541E-002   1.1086855339585853        26.272233036016779     
          33 -0.95327763144803779      -0.96100604543696944        1.4871264694576621E-003   3.1387515570914659        8.1663484226096802E-002   1.1148825195028935        26.344364748629140     
          34 -0.93766960515996078      -0.94540350534332263        1.6505833078067455E-003   3.1197571645518432        8.1679344874913171E-002   1.1215614834346117        26.421875132253767     
          35 -0.92204808164687480      -0.92978860913482786        1.8316365290212656E-003   3.0995326566594481        8.1696394796436186E-002   1.1287618889100148        26.505170355568549     
          36 -0.90641513269525176      -0.91416127013305537        2.0320782141062910E-003   3.0780131539879583        8.1714722908105650E-002   1.1365259919733566        26.594679575661974     
          37 -0.89076824440747593      -0.89852122603022522        2.2539287840002797E-003   3.0551323663889729        8.1734424835664191E-002   1.1448997575132656        26.690864038119063     
          38 -0.87510616332747215      -0.88286660445213405        2.4993888245647329E-003   3.0308204141313952        8.1755605570814807E-002   1.1539341503043650        26.794230078114563     
          39 -0.85942743214518580      -0.86719604814318829        2.7708721298777710E-003   3.0050071270868770        8.1778377539314370E-002   1.1636844972091829        26.905319635779694     
          40 -0.84373063589041553      -0.85150812130390385        3.0710194097225336E-003   2.9776216198785681        8.1802861924996959E-002   1.1742112632102704        27.024716733207494     
          41 -0.82801401875740444      -0.83580123541893159        3.4027238556643379E-003   2.9485926178509141        8.1829189476368205E-002   1.1855806468408934        27.153051439158908     
          42 -0.81227478180275203      -0.82007310360388930        3.7691700561390019E-003   2.9178478661251841        8.1857502297108878E-002   1.1978656494994127        27.291008665999144     
          43 -0.79651269802923252      -0.80432223611476417        4.1737706892082957E-003   2.8853175148141097        8.1887952111416751E-002   1.2111456754732715        27.439319898173256     
          44 -0.78072456897138309      -0.78854689321094762        4.6203156022830427E-003   2.8509331014441268        8.1920702669658854E-002   1.2255079675057516        27.598775032626794     
          45 -0.76490789965532335      -0.77274423443354301        5.1129141673248403E-003   2.8146261393828098        8.1955932806651588E-002   1.2410494444802584        27.770237683668288     
          46 -0.74905992740063876      -0.75691162839052495        5.6560420567750812E-003   2.7763317224482420        8.1993834938651686E-002   1.2578766198593994        27.954638256476738     
          47 -0.73317767813893586      -0.74104620462579551        6.2545657568274611E-003   2.7359885162789026        8.2034617099495652E-002   1.2761071797203685        28.152984503170906     
          48 -0.71725790649484078      -0.72514485075548274        6.9137716212976773E-003   2.6935397640287313        8.2078504215121334E-002   1.2958713611411106        28.366368586104407     
          49 -0.70129707100694350      -0.70920417043092310        7.6393951088414057E-003   2.6489342821429349        8.2125739580378609E-002   1.3173135809768359        28.595975431085929     
          50 -0.68529135172456146      -0.69322048012942972        8.4376489256956320E-003   2.6021276461896226        8.2176586336483740E-002   1.3405942580131576        28.843091479071006     
          51 -0.66923608349242858      -0.67718952919162334        9.3152837006092813E-003   2.5530826250707719        8.2231329995672897E-002   1.3658923500837954        29.109119015067229     
          52 -0.65312782459741037      -0.66110727512794665        1.0279504384419264E-002   2.5017728706130202        8.2290277496533726E-002   1.3934065827013711        29.395574426675850     
          53 -0.63696123940827365      -0.64496931132919200        1.1338166921953498E-002   2.4481828828171404        8.2353760479080496E-002   1.4233589136241125        29.704107504703718     
          54 -0.62073110965579448      -0.62877036140425235        1.2499703176711398E-002   2.3923076555941365        8.2422139281029733E-002   1.4559988390272460        30.036525768650250     
          55 -0.60443184078450796      -0.61250501483825548        1.3773175159422524E-002   2.3341566525388400        8.2495801975570965E-002   1.4916058433244541        30.394795786709473     
          56 -0.58805738380478600      -0.59616744490803064        1.5168309084016108E-002   2.2737545020797971        8.2575167162045535E-002   1.5304942321607045        30.781064665765577     
          57 -0.57160128934242449      -0.57975139785421870        1.6695518132070250E-002   2.2111425528187629        8.2660685695752079E-002   1.5730182296680679        31.197678696907172     
          58 -0.55505661841904297      -0.56325017392931653        1.8365934884556415E-002   2.1463803758062747        8.2752842273943764E-002   1.6195779353260968        31.647204247703208     
          59 -0.53841594844752705      -0.54665658665762695        2.0191434165867956E-002   2.0795471042342690        8.2852156866537116E-002   1.6706263556479610        32.132451714762411     
          60 -0.52167135535980369      -0.52996295664839277        2.2184654835932360E-002   2.0107427935987636        8.2959185522550258E-002   1.7266775377060941        32.656501274208154     
          61 -0.50481436291871584      -0.51316107697012614        2.4359022479534947E-002   1.9400895060682191        8.3074520689530210E-002   1.7883162022742027        33.222732441725711     
          62 -0.48783597033790954      -0.49624220234045330        2.6728759204621168E-002   1.8677322707642716        8.3198790462876065E-002   1.8562089873176222        33.834856307860086     
          63 -0.47072632996050928      -0.47919689831187334        2.9308940208580894E-002   1.7938391651947267        8.3332657666116458E-002   1.9311183108918781        34.496956955824466     
          64 -0.45347581952859045      -0.46201542993384048        3.2115336356805052E-002   1.7186033742684605        8.3476812899374239E-002   2.0139162680483098        35.213516283551193     
          65 -0.43607343987012526      -0.44468747036051842        3.5164649403645866E-002   1.6422419646360693        8.3631970280946169E-002   2.1056039672812248        35.989467181425269     
          66 -0.41850787718292082      -0.42720185704036068        3.8474350762009446E-002   1.5649942592778270        8.3798860358722499E-002   2.2073347224373197        36.830254802545632     
          67 -0.40076723049908408      -0.40954697340602148        4.2062708174461935E-002   1.4871224895525408        8.3978213414107813E-002   2.3204378614567833        37.741874640346154     
          68 -0.38283906253375932      -0.39171064120031485        4.5948758062599890E-002   1.4089096729744097        8.4170741495732254E-002   2.4464495970552980        38.730936847155490     
          69 -0.36471042228184597      -0.37368015689231004        5.0152277068421645E-002   1.3306574564018423        8.4377112471974422E-002   2.5871487445644501        39.804730567233072     
          70 -0.34636790207558044      -0.35544233184301299        5.4693741995971136E-002   1.2526832592276294        8.4597915494212098E-002   2.7445989659200021        40.971294535123782     
          71 -0.32779772727025619      -0.33698356602412782        5.9594277844031207E-002   1.1753168130785463        8.4833615465601642E-002   2.9211984599488807        42.239492488572289     
          72 -0.30898586205777989      -0.31828994596892130        6.4875598732476822E-002   1.0988960382360842        8.5084494223204910E-002   3.1197384214198172        43.619093868540517     
          73 -0.28991816398126707      -0.29934737551927959        7.0559934949316103E-002   1.0237622979783871        8.5350575732008785E-002   3.3434716165104912        45.120859166773272     
          74 -0.27058055660804692      -0.28014173972047113        7.6669956082434987E-002  0.95025506570233942        8.5631532661111370E-002   3.5961926404741300        46.756629676563023     
          75 -0.25095928740297974      -0.26065912118891427        8.3228672851318727E-002  0.87870614778649869        8.5926571641973246E-002   3.8823312965588168        48.539419640424100     
          76 -0.23104120525893446      -0.24088606826536449        9.0259338445992474E-002  0.80943355499593583        8.6234295521001827E-002   4.2070607766307324        50.483509922919559     
          77 -0.21081411526007185      -0.22080991233346017        9.7785334550207367E-002  0.74273515844847926        8.6552542303916888E-002   4.5764224055368077        52.604542559543916     
          78 -0.19026719136296244      -0.20041915259849488       0.10583004867149014       0.67888238284427882        8.6878202562707438E-002   4.9974682962140520        54.919613357277790     
          79 -0.16939144776562223      -0.17970389927346647       0.11441674319304225       0.61811413395190873        8.7207021048550992E-002   5.4784234784415036        57.447362075247575     
          80 -0.14818026588064331      -0.15865637396498639       0.12356841535562488       0.56063123238346690        8.7533393183444580E-002   6.0288687554950959        60.208059182660605     
          81 -0.12662995859423334      -0.13727145635287177       0.13330765042378936       0.50659163111052918        8.7850173777713050E-002   6.6599455203145999        63.223689505017944     
          82 -0.10474019781627202      -0.11554717899892762       0.14365653956721433       0.45610651883406150        8.8148524275065712E-002   7.3845867654309112        66.518047258403001     
          83  -8.2515157950622767E-002  -9.3485522466206158E-002  0.15463624699982245       0.40923847543567726        8.8417825556328267E-002   8.2177632791781701        70.116787474867280     
          84  -5.9963126334225715E-002  -7.1092773428764550E-002  0.16626725140009371       0.36600014401101527        8.8645709080601015E-002   9.1767707939898582        74.047545411231127     
          85  -3.7097426298201508E-002  -4.8379808177071652E-002  0.17856892207926228       0.32635489295360065        8.8818236602247386E-002   10.281554890337564        78.340081070955193     
          86  -1.3936425481895831E-002  -2.5362546654408541E-002  0.19155942382278382       0.29021982561982057        8.8920268610153605E-002   11.555068921043551        83.026404817761673     
          87   9.4965358982884041E-003  -2.0619192162805184E-003  0.20525553922729117       0.25746994450735211        8.8936048521082903E-002   13.023704860349532        88.140999201212239     
          88   3.3173583708328978E-002   2.1496394221197892E-002  0.21967252748134813       0.22794395277030641        8.8849995220720415E-002   14.717810963385194        93.721107521120658     
          89   5.7063024335590608E-002   4.5282545527313742E-002  0.23482395848209306       0.20145126611311284        8.8647661672549685E-002   16.672332255184877        99.807117083116992     
          90   8.1130394248576404E-002   6.9263406145819953E-002  0.25072156338773255       0.17777983587369545        8.8316773325269854E-002   18.927615380250220        106.44304914498099     
          91  0.10533975120198635        9.3403742003766402E-002  0.26737508158260703       0.15670427292183947        8.7848219678711717E-002   21.530428784101304        113.67716977193818     
          92  0.12965518001131310       0.11766761595846631       0.28479215643636951       0.13799375211829362        8.7236848313931789E-002   24.535255957134940        121.56273393912234     
          93  0.15404218276350407       0.14201983477754904       0.30297814684219271       0.12141927922073133        8.6481917790518253E-002   28.005910311003714        130.15884104253360     
          94  0.17846912775826240       0.16642736968323299       0.32193607903980820       0.10675985055355304        8.5587104626489899E-002   32.017533714416409        139.53141810377124     
          95  0.20290820096772133       0.19086054932092197       0.34166644142093622        9.3807279836433236E-002   8.4560035330521990E-002   36.659022407249019        149.75430115255358     
          96  0.22733624253623438       0.21529395158984027       0.36216718100664569        8.2369511672710991E-002   8.3411402932709156E-002   42.035943128673303        160.91043002732280     
          97  0.25173490495537526       0.23970689081380103       0.38343350768047246        7.2272459367440492E-002   8.2153816124801243E-002   48.274001051266907        173.09314401680587     
          98  0.27609064288259733       0.26408348880094784       0.40545789079437111        6.3360501480718603E-002   8.0800581380220879E-002   55.523156935590315        186.40759713098714     
          99  0.30039420541788281       0.28841240849266891       0.42822992414827826        5.5495888329938250E-002   7.9364622485064235E-002   63.962541979834256        200.97233243351442     
         100  0.32464001752583360       0.31268628904102580       0.45173628195620857        4.8557401683180200E-002   7.7857695222865245E-002   73.806360269565474        216.92103233308322     
         101  0.34882542501430536       0.33690105703954698       0.47596064089569112        4.2438587327585119E-002   7.6289963552976750E-002   85.311067706101923        234.40452485084643     
         102  0.37294997026444787       0.36105518735443415       0.50088361264316561        3.7045873610744934E-002   7.4669913750491326E-002   98.784165281321251        253.59308608015274     
         103  0.39701470992074800       0.38514900051730339       0.52648263484057811        3.2296791426178903E-002   7.3004513080458716E-002   114.59502582851721        274.67909654830498     
         104  0.42102186943744641       0.40918415361649518       0.55273208219697889        2.8118397038814039E-002   7.1299486240375423E-002   133.18835063286554        297.88022574848850     
         105  0.44497426804079571       0.43316317695595613       0.57960301963840710        2.4445973067817220E-002   6.9559622580258704E-002   155.10080881905171        323.44309278179668     
         106  0.46887512650667712       0.45708909579360801       0.60706323961096986        2.1221967449876741E-002   6.7789046268903239E-002   180.98167111771778        351.64752906565599     
         107  0.49272796677137992       0.48096528533319555       0.63507732851105669        1.8395107242804788E-002   6.5991417717935291E-002   211.61865345832535        382.81175280904438     
         108  0.51653626108819073       0.50479524169693302       0.66360638553195561        1.5919684929658170E-002   6.4170091417086350E-002   247.97003466941564        417.29827639778904     
         109  0.54030375303709244       0.52858257624579996       0.69260847156469119        1.3754934414698224E-002   6.2328212924465221E-002   291.20520853248496        455.52115876436989     
         110  0.56403360243741230       0.55233073244358211       0.72203764064200726        1.1864524595940583E-002   6.0468813487072046E-002   342.75510784375507        497.95403976790305     
         111  0.58772932803055788       0.57604305425996760       0.75184509295013768        1.0216082603582933E-002   5.8594837572427623E-002   404.37651660285320        545.14028736832188     
         112  0.61139397274020935       0.59972281584002596       0.78197820147008423        8.7807835498434506E-003   5.6709173257616173E-002   478.23358299255091        597.70496056651564     
         113  0.63503062598350490       0.62337308382341017       0.81238116872435706        7.5329927634822319E-003   5.4814674797224495E-002   567.00126631469811        656.36884378605976     
         114  0.65864198779539351       0.64699674749579184       0.84299451854653096        6.4499343279179958E-003   5.2914178878792358E-002   673.99810685832006        721.96555372303862     
         115  0.68223081062690316       0.67059653369389116       0.87375568389189817        5.5113950731204685E-003   5.1010504142575033E-002   803.35712253561667        795.46225008465569     
         116  0.70579949270666664       0.69417501284581173       0.90459853474412166        4.6994551352329177E-003   4.9106502064200010E-002   960.24707358722105        877.98460380123333     
         117  0.72935003040863244       0.71773437672292373       0.93545331470244864        3.9982537872993362E-003   4.7205116961547132E-002   1151.1584445177361        970.84620289478471     
         118  0.75288475438592006       0.74127679330381868       0.96624776717987604        3.3937780840231852E-003   4.5309145578698626E-002   1384.2789757735600        1075.5868832682270     
         119  0.77640524398870359       0.76480420735661192       0.99690589156383980        2.8736595974391817E-003   4.3421367973453258E-002   1669.9863724012966        1194.0176379954478     
         120  0.79991343624114586       0.78831838186864767        1.0273496074377748        2.4270017095515371E-003   4.1544405036790188E-002   2021.4995354983259        1328.2775762886456     
         121  0.82341067452318473       0.81182094897303714        1.0574973064393403        2.0441807226453390E-003   3.9681440697576002E-002   2455.7660765909295        1480.9036177214168     
         122  0.84689853099989953       0.83531336950946100        1.0872655362921595        1.7167702654238672E-003   3.7835148079473066E-002   2994.6088125569372        1654.9174817893359     
         123  0.87037774087811948       0.85879678582888008        1.1165678532677612        1.4373682052851396E-003   3.6008369846612258E-002   3666.3188835784636        1853.9345869840688     
         124  0.89384954116855164       0.88227219080747032        1.1453171282556012        1.1995017888534031E-003   3.4203507001914164E-002   4507.7910920438972        2082.3052065888469     
         125  0.91731500258609289       0.90574073604646355        1.1734249991389278        9.9749446606453638E-004   3.2423058264444304E-002   5567.5293693469421        2345.2973788704485     
         126  0.94077455891841322       0.92920316518608082        1.2008016841491469        8.2638343134461224E-004   3.0669709333064805E-002   6909.7696373207482        2649.3206429341571     
         127  0.96422863768128197       0.95265990878896367        1.2273578330328989        6.8185551887799654E-004   2.8945508657405968E-002   8620.1941439123693        3002.2259959360713     
         128  0.98767791434030816       0.97611152168787763        1.2530048006202184        5.6013457382150507E-004   2.7253102433838456E-002   10814.330692338728        3413.7050120595813     
         129   1.0111227637183120       0.99955852496494180        1.2776553662917731        4.5795047550052328E-004   2.5594498448210604E-002   13649.230689360638        3895.8083593902566     
         130   1.0345635842861871        1.0230013055831699        1.3012248959218402        3.7246237879885714E-004   2.3971642593585880E-002   17340.782473648978        4463.6491471380969     
         131   1.0579997595283117        1.0464397408273240        1.3236309967368229        3.0120365531435388E-004   2.2386853000485343E-002   22189.281418913113        5136.3370091833549     
         132   1.0814318380626631        1.0698738124653302        1.3447977015248254        2.4205385241800906E-004   2.0841211450240569E-002   28617.159296574860        5938.3073892944485     
         133   1.1048580797582135        1.0933028938784555        1.3646538415356582        1.9317982566380542E-004   1.9335450252356324E-002   37227.261106207290        6901.1604429792797     
         134   1.1282784719804166        1.1167261319848081        1.3831358565866074        1.5298207651942257E-004   1.7872032471988705E-002   48895.903562924483        8066.2728026012246     
         135   1.1516917629573320        1.1401428778840608        1.4001879775495847        1.2009719160158074E-004   1.6452335996636907E-002   64916.240873772476        9488.5520217632438     
         136   1.1750976379526337        1.1635523609592662        1.4157658507616515        9.3357779974827503E-005   1.5077129921886713E-002   87234.875510846803        11242.051165558316     
         137   1.1984958841035001        1.1869543187866900        1.4298369301991669        7.1759760477241105E-005   1.3747508251928569E-002   118852.14525337449        13428.505126561970     
         138   1.2218862847178631        1.2103485365401423        1.4423820805025791        5.4445766327389740E-005   1.2464608014551629E-002   164511.61748483815        16190.444933794060     
         139   1.2452699222455004        1.2337354645840668        1.4533984749549032        4.0687582943444498E-005   1.1228970959717883E-002   231935.98207528656        19732.369036654527     
         140   1.2686459944953437        1.2571152176798994        1.4629005432273683        2.9867900790601080E-005   1.0040449310806505E-002   334132.50445621670        24355.734433370544     
         141   1.2920038703430752        1.2804819470258826        1.4709219339279018        2.1468865965593079E-005   8.8964953848444644E-003   493834.48792594403        30518.706515899376     
         142   1.3153632641478004        1.3038406022581139        1.4775190224208126        1.5023470073156729E-005   7.8057841526934018E-003   753392.81631626817        38948.143099690853     
         143   1.3386299845624310        1.3271524159825603        1.4827694707504442        1.0212806014022920E-005   6.7402503417779260E-003   1192660.6857163294        50835.792585447227     
         144   1.3618254072883949        1.3503825343247213        1.4867770619814069        6.6557553805504539E-006   5.7319291796228706E-003   1984505.1950592040        68285.905096069386     
         145   1.3849470097918022        1.3735400630669163        1.4896715108863248        4.1060284326608508E-006   4.7732758132029993E-003   3525086.5354052680        95271.041499409563     
         146   1.4078910935831681        1.3965705530860124        1.4916061313532514        2.3543473087963479E-006   3.8560123766336212E-003   6840065.5058337487        139983.12343840770     
         147   1.4304783724778543        1.4193315595786362        1.4927602557444308        1.2139020348028273E-006   2.9858411062439801E-003   15075891.883141520        221541.44700004440     
         148   1.4518782342930228        1.4413100998340767        1.4933318157930759        5.3678066758588438E-007   2.1814913647210227E-003   39886541.852493078        389766.91519005544     
         149   1.4597769548221251        1.4558455515339797        1.4935307680093484        2.6916751316276844E-007   1.7267911813037683E-003   89404102.314059108        618655.56225591374     
         150   1.5048968305263113        1.4829225805992028        1.4935595260060446        1.0456403891001947E-008   2.8431858095725489E-004   5671723212.0434694        7735463.7910000412     
